computer_id,hostname,os_type,os_version,network_segment,primary_user_id,asset_criticality,endpoint_agent_installed,endpoint_agent_last_heartbeat,days_since_agent_heartbeat,source_freshness_flag,last_updated_at
4622d450-4eb5-5d71-5ba7-5601475cde59,ws-00000,windows_workstation,Windows 11 22H2,workstation,718b9a18-45e1-9cd1-c970-07b5407fdae1,high,True,2023-12-31T05:30:01.007562,0.8,fresh,2024-01-01T00:00:00
9008112c-602f-d434-4026-6c036d0f82ec,ws-00001,windows_workstation,Windows 11 22H2,workstation,c3af5294-11ee-e09c-421b-a82f5dd8f997,medium,True,2023-12-31T14:48:46.702937,0.4,fresh,2024-01-01T00:00:00
f25386ce-5469-c1e9-b369-f2c1bec43793,ws-00002,windows_workstation,Windows 11 22H2,workstation,1b9f9c94-159c-c176-13aa-86cd3a964fcd,high,True,2023-12-31T11:31:27.884530,0.5,fresh,2024-01-01T00:00:00
c2dd02a0-3c17-483d-e9df-a6ee36b56000,ws-00003,windows_workstation,Windows 11 22H2,workstation,36325cee-a4cd-fc5b-3453-dd3bd5052b7c,high,True,2023-12-31T21:36:00,0.1,fresh,2024-01-01T00:00:00
e44d0cde-bd18-5f58-691d-f3e0a2e45fd4,ws-00004,windows_workstation,Windows 11 22H2,workstation,de7b2aaf-0c98-de3f-684c-120966e17a67,low,True,2023-12-31T16:17:05.227660,0.3,fresh,2024-01-01T00:00:00
b026b415-6686-8f15-ce77-1ab6aa67c42c,ws-00005,windows_workstation,Windows 11 22H2,workstation,fc02a85a-8884-2898-bb62-4abccaf0e7a3,low,True,2023-12-22T19:41:54.560495,9.2,fresh,2024-01-01T00:00:00
bd65f109-a7c6-546c-bc3c-8191ea30086a,ws-00006,windows_workstation,Windows 11 22H2,workstation,d0927350-761d-3c33-68dd-a93d420f68f2,critical,True,2023-12-28T07:59:47.815429,3.7,fresh,2024-01-01T00:00:00
abcff547-94d7-2998-6cc0-8223a80eb4d8,ws-00007,windows_workstation,Windows 11 22H2,workstation,f1926e8b-c390-a92c-9715-7e85715b1dcf,high,True,2023-12-27T22:23:35.722247,4.1,fresh,2024-01-01T00:00:00
778188d3-8915-b538-cd40-2f368e1ee25e,ws-00008,windows_workstation,Windows 11 22H2,workstation,74e3fa95-3054-a9f7-e5f0-06caf3fb1989,medium,True,2023-12-24T14:03:52.040789,7.4,fresh,2024-01-01T00:00:00
4384893f-ad8d-2d20-7b06-d9cb973f54ec,ws-00009,windows_workstation,Windows 11 22H2,workstation,931a5fd9-3076-efdc-f8f2-882c7e8aa9de,low,True,2023-12-31T21:36:00,0.1,fresh,2024-01-01T00:00:00
197f523e-8143-24e4-894e-927494981087,ws-00010,windows_workstation,Windows 11 22H2,workstation,51767f17-6625-dce1-16ab-6bb9ad5cae74,low,True,2023-12-30T17:22:10.361442,1.3,fresh,2024-01-01T00:00:00
a6e5880d-8680-7c37-0598-d21804602352,ws-00011,windows_workstation,Windows 11 22H2,workstation,05d9e439-07ea-0f56-2367-42a1e697dd5a,high,True,2023-12-31T12:30:45.826722,0.5,fresh,2024-01-01T00:00:00
04d8c99c-e4ae-3be7-8e0f-cab4ce50d23c,ws-00012,windows_workstation,Windows 11 22H2,workstation,fb7d82be-6b45-1cd3-48df-4602aa0e1a0e,medium,False,2023-12-26T00:55:42.897771,999.0,fresh,2024-01-01T00:00:00
645adf39-ff56-c704-11f5-d637ae24dbcf,ws-00013,windows_workstation,Windows 11 22H2,workstation,2a03bfc8-9c04-5ef2-8ec3-70d0eadca961,low,True,2023-12-30T19:01:26.039264,1.2,fresh,2024-01-01T00:00:00
744452e4-5c41-6897-030b-9c97fa37f9ab,ws-00014,windows_workstation,Windows 11 22H2,workstation,3e6f8be5-7d3d-b045-195c-a822f884787e,medium,True,2023-12-30T22:26:27.611611,1.1,fresh,2024-01-01T00:00:00
b672abbf-73aa-311c-2699-c1e769530834,ws-00015,windows_workstation,Windows 11 22H2,workstation,f13aec99-c7a2-3b59-85d8-12aeb07a6a71,medium,True,2023-12-31T01:17:10.535071,0.9,fresh,2024-01-01T00:00:00
e65e0a6d-97b3-ec01-58b0-fabc2d6fdd70,ws-00016,windows_workstation,Windows 11 22H2,workstation,c6e3272c-0a29-6d74-acd9-733e4a388819,high,True,2023-12-30T07:41:33.720638,1.7,fresh,2024-01-01T00:00:00
3ee0b81d-d221-aa0f-d882-8123eb6ea881,ws-00017,windows_workstation,Windows 11 22H2,workstation,e6d14d44-716c-a5ff-9b73-67353526ba6b,high,True,2023-12-31T21:36:00,0.1,fresh,2024-01-01T00:00:00
9d613f7f-f168-91af-0cf5-5db6bbd4ae07,ws-00018,windows_workstation,Windows 11 22H2,workstation,f6ab1c9a-f361-a999-37a1-fba0b5f4154f,medium,True,2023-12-30T13:23:46.781171,1.4,fresh,2024-01-01T00:00:00
2ca8bf17-663b-dcc7-fea5-36b8311e1828,ws-00019,windows_workstation,Windows 11 22H2,workstation,a92b5fca-cbe0-94b8-c3d2-b37f568f6317,low,True,2023-12-31T01:53:35.356592,0.9,fresh,2024-01-01T00:00:00
6b876c55-ee85-c702-c98c-083d452e55ea,ws-00020,windows_workstation,Windows 11 22H2,workstation,6787df6b-2aef-a459-a545-6f35c791ce5c,medium,True,2023-12-19T22:43:55.261803,12.1,fresh,2024-01-01T00:00:00
3131fc13-95ce-3e5f-a043-3409b8b8dcf6,ws-00021,windows_workstation,Windows 11 22H2,workstation,97c00dca-13e5-73d2-8b4e-f630674f204f,medium,True,2023-12-29T02:50:53.169163,2.9,fresh,2024-01-01T00:00:00
5ba13b0c-2d13-de1b-8274-6107a57d5d06,ws-00022,windows_workstation,Windows 11 22H2,workstation,2ede6636-2e7b-767c-d86a-1a8353e0efbe,medium,True,2023-12-31T00:26:44.437310,1.0,fresh,2024-01-01T00:00:00
59d36806-ec01-7be2-ac58-9b152b45afd3,ws-00023,windows_workstation,Windows 11 22H2,workstation,165037d4-a2b1-31bd-ccb5-cc16f6a43345,high,True,2023-12-31T01:02:45.534222,1.0,fresh,2024-01-01T00:00:00
e827b30e-4d9b-0b33-f38a-b897b66af5d8,ws-00024,windows_workstation,Windows 11 22H2,workstation,e2e002d4-8664-4fd7-305e-529800a29f01,high,True,2023-12-30T04:33:33.744516,1.8,fresh,2024-01-01T00:00:00
f21beba8-29fa-c67a-3ffd-21a725db22e1,ws-00025,windows_workstation,Windows 11 22H2,workstation,2149da87-cf4c-1bdf-08ca-f5114838e84e,medium,True,2023-12-30T03:32:29.593005,1.9,fresh,2024-01-01T00:00:00
b405510d-1fcc-5267-05af-d6394a343516,ws-00026,windows_workstation,Windows 11 22H2,workstation,2f56aa76-ed2a-28ff-f25a-1c66bb456eea,low,True,2023-12-30T10:05:43.853570,1.6,fresh,2024-01-01T00:00:00
3617f531-9a55-d06c-9b93-e2b59f9ddbf2,ws-00027,windows_workstation,Windows 11 22H2,workstation,bb5e0094-3826-f9a7-d0d6-2ad993b875b6,low,True,2023-12-31T17:01:34.810827,0.3,fresh,2024-01-01T00:00:00
d9703d8e-6b92-cf46-ca91-039fc19ad631,ws-00028,windows_workstation,Windows 11 22H2,workstation,1122a6e0-d92d-7c69-9f73-b53a8d5a2770,high,True,2023-12-30T16:37:05.913747,1.3,fresh,2024-01-01T00:00:00
b9878832-bf30-e6b4-e0b4-0f3c73a67faf,ws-00029,windows_workstation,Windows 11 22H2,workstation,2a818da5-ae9b-68b4-ee65-0c075f529154,medium,True,2023-12-27T04:48:36.701650,4.8,fresh,2024-01-01T00:00:00
83b66174-013e-881e-2675-b56b6d0b3737,ws-00030,windows_workstation,Windows 11 22H2,workstation,3252ed8f-84cb-9647-00f3-713666465562,low,True,2023-12-29T22:43:37.710080,2.1,fresh,2024-01-01T00:00:00
1b06f755-3b53-e28c-3118-f4f11a018ef7,ws-00031,windows_workstation,Windows 11 22H2,workstation,4e7a338e-18c8-78bd-4816-6ed3f98dbedd,high,True,2023-12-30T18:21:26.693197,1.2,fresh,2024-01-01T00:00:00
2fd6e236-093e-483c-d41f-4d656f747b40,ws-00032,windows_workstation,Windows 11 22H2,workstation,8cb46543-1cee-63da-1b71-8f3e7c6eb977,high,True,2023-12-26T20:31:29.874626,5.1,fresh,2024-01-01T00:00:00
78ac376a-243f-b2a3-aff1-dbc7d3d13599,ws-00033,windows_workstation,Windows 11 22H2,workstation,c3bf72fe-3cf6-2c8f-8251-523ea655a083,high,True,2023-12-29T18:33:38.065640,2.2,fresh,2024-01-01T00:00:00
9c01127f-5069-32fc-af40-97cc6e360982,ws-00034,windows_workstation,Windows 11 22H2,workstation,292e3a1e-f41a-9bd3-b1ce-e2b07d6bc15d,medium,False,2023-12-31T18:56:25.089551,999.0,fresh,2024-01-01T00:00:00
232183eb-c754-0fea-23b9-167a1ed0c7eb,ws-00035,windows_workstation,Windows 11 22H2,workstation,cb21e3ea-144e-a108-6f08-db7177be1366,medium,True,2023-12-29T16:01:05.113164,2.3,fresh,2024-01-01T00:00:00
ba25b822-f380-1e91-c3f0-4bfc1cd69db7,ws-00036,windows_workstation,Windows 11 22H2,workstation,987faaab-7762-e4fa-74e2-b2288823ff04,low,True,2023-12-30T17:58:47.140649,1.3,fresh,2024-01-01T00:00:00
9e5b596e-12be-f2c0-c2b6-5997e2df4e1e,ws-00037,windows_workstation,Windows 11 22H2,workstation,8ad5ad1b-5511-fe4b-d9a0-52ad399f6bd3,high,True,2023-12-31T08:27:07.082733,0.6,fresh,2024-01-01T00:00:00
766a65ea-c560-0d9d-2437-6b25f8d9a86c,ws-00038,windows_workstation,Windows 11 22H2,workstation,48d21ad9-3560-ebd3-d2ab-2277ec2832cd,medium,True,2023-12-30T10:18:43.589417,1.6,fresh,2024-01-01T00:00:00
ee253237-d28b-76b0-1255-463a78b742fd,ws-00039,windows_workstation,Windows 11 22H2,workstation,7a2f7cba-8dc7-63b4-e414-f05c67023e9f,critical,True,2023-12-27T10:53:59.794831,4.5,fresh,2024-01-01T00:00:00
7927b1f8-1143-97c4-cbe9-9c0bbd63b0ff,ws-00040,windows_workstation,Windows 11 22H2,workstation,4dc77c5b-f196-de0a-d68b-ddcdacb6cb59,medium,True,2023-12-29T23:15:49.511775,2.0,fresh,2024-01-01T00:00:00
6c57b5c7-6649-b8d3-705c-68614f6e741b,ws-00041,windows_workstation,Windows 11 22H2,workstation,1cc50958-23e8-ee50-029d-feac0b02a145,low,True,2023-12-31T07:26:31.068355,0.7,fresh,2024-01-01T00:00:00
0304536d-2161-57af-ccaa-723c48fc8ca0,ws-00042,windows_workstation,Windows 11 22H2,workstation,de22d03a-c08e-a2e4-e389-921a9b4fe58e,low,True,2023-12-31T11:03:04.045922,0.5,fresh,2024-01-01T00:00:00
4a38adca-783a-92f9-e76f-b836c67705da,ws-00043,windows_workstation,Windows 11 22H2,workstation,6d955373-b8c0-6058-4bda-055f61fb7356,medium,True,2023-12-30T06:57:42.668190,1.7,fresh,2024-01-01T00:00:00
00f15c2c-d71b-22f0-a7cd-c4d48a0b76b6,ws-00044,windows_workstation,Windows 11 22H2,workstation,a4432af2-4195-1eb2-b55a-e3b8e7b73e49,medium,True,2023-12-29T08:01:59.777515,2.7,fresh,2024-01-01T00:00:00
7100c24d-d0fa-3231-092e-17e9655cbfcb,ws-00045,windows_workstation,Windows 11 22H2,workstation,915b3358-23b9-fd3b-9fb6-ed8d73db0e10,low,True,2023-12-26T03:16:21.433167,5.9,fresh,2024-01-01T00:00:00
9ff379f7-6d6d-20eb-31c3-899be69d58a1,ws-00046,windows_workstation,Windows 11 22H2,workstation,f4d452cc-aa59-bc89-0784-4a21cee0f6f6,medium,True,2023-12-29T03:05:43.487384,2.9,fresh,2024-01-01T00:00:00
f9045ce3-7aca-4181-5a12-2129e697fa7d,ws-00047,windows_workstation,Windows 11 22H2,workstation,2f537147-1147-dfec-7090-ff59d9325ea7,low,True,2023-12-29T01:41:01.493611,2.9,fresh,2024-01-01T00:00:00
6d896d21-eaf2-b8df-112c-701595a53411,ws-00048,windows_workstation,Windows 11 22H2,workstation,8775171d-4dbc-be6c-d5f7-14b34c2cead9,high,True,2023-12-30T09:57:22.133947,1.6,fresh,2024-01-01T00:00:00
89ad7f37-d06c-2cea-1156-75d9a0d5e064,ws-00049,windows_workstation,Windows 11 22H2,workstation,dada646c-a80e-89a8-d5ba-1888b31dbbd0,critical,True,2023-12-27T23:01:30.667180,4.0,fresh,2024-01-01T00:00:00
69035f45-4eb8-b0f0-73fb-4b5a105ff690,ws-00050,windows_workstation,Windows 11 22H2,workstation,50cd7a7d-e13a-5ae9-9906-53c52d009e09,medium,True,2023-12-29T05:07:07.883244,2.8,fresh,2024-01-01T00:00:00
b8fb5865-cc20-ca22-4bd2-9c80eeb3b4d1,ws-00051,windows_workstation,Windows 11 22H2,workstation,68b7d9a3-bcb5-ce10-baf6-8e5c2b047487,low,True,2023-12-31T11:42:58.721709,0.5,fresh,2024-01-01T00:00:00
1f196d36-f341-6214-7fec-5869fb44b57d,ws-00052,windows_workstation,Windows 11 22H2,workstation,ebdad5c9-363d-cc60-1542-7f6b4dc3304c,low,True,2023-12-30T01:28:27.031594,1.9,fresh,2024-01-01T00:00:00
056ded11-01f4-252e-ee20-e11a8c9a6f3a,ws-00053,windows_workstation,Windows 11 22H2,workstation,a4af02fe-abf8-d1c7-b1b8-e6f1239204ac,medium,True,2023-12-28T07:45:44.454396,3.7,fresh,2024-01-01T00:00:00
aab3bd24-cb82-f7ec-c6b8-b15f9f113c71,ws-00054,windows_workstation,Windows 11 22H2,workstation,e038a534-3b6e-09f0-7d25-4faa7ba0f260,critical,True,2023-12-25T11:51:13.889551,6.5,fresh,2024-01-01T00:00:00
58dd3726-c495-38b5-b465-49e57d06477a,ws-00055,windows_workstation,Windows 11 22H2,workstation,eeb5cb92-e52b-b123-a056-76b471efe3a8,medium,True,2023-12-31T10:31:34.665857,0.6,fresh,2024-01-01T00:00:00
c3e9f88c-fe99-b43e-541a-d06df1536e00,ws-00056,windows_workstation,Windows 11 22H2,workstation,aed85492-4eb9-1d25-5e38-a0d4bf9e7ad6,medium,False,2023-12-27T16:36:41.661662,999.0,fresh,2024-01-01T00:00:00
03f67132-7ef0-402a-3ede-4e6c9fc25d36,ws-00057,windows_workstation,Windows 11 22H2,workstation,9d8b99f2-897a-c859-5166-63dff9bade6e,medium,True,2023-12-31T04:46:21.657489,0.8,fresh,2024-01-01T00:00:00
52dc25e3-760e-3daf-bc7b-74a172087ce2,ws-00058,windows_workstation,Windows 11 22H2,workstation,ee4c1081-613d-c907-d1e2-d760dd0fa6b9,medium,True,2023-12-31T09:34:45.316584,0.6,fresh,2024-01-01T00:00:00
d30bbc48-21ac-584e-277f-7296a4f8d3f1,ws-00059,windows_workstation,Windows 11 22H2,workstation,7203115a-bcda-1bba-4a30-d1fa53b6cd61,low,True,2023-12-30T23:44:17.744551,1.0,fresh,2024-01-01T00:00:00
abb70a1b-b635-5408-66f0-d70e229cd8e5,ws-00060,windows_workstation,Windows 11 22H2,workstation,276145ba-565a-482f-52ea-162665cc55d7,medium,True,2023-12-31T09:24:34.779876,0.6,fresh,2024-01-01T00:00:00
e3f00ede-72dc-0fbe-fe6b-2df996847529,ws-00061,windows_workstation,Windows 11 22H2,workstation,3814fec5-5071-ef6f-9db5-e5b61b8e9de4,low,True,2023-12-31T21:36:00,0.1,fresh,2024-01-01T00:00:00
0345bd2c-c653-3518-26d4-eaa1e3b19555,ws-00062,windows_workstation,Windows 11 22H2,workstation,a18124eb-0265-813d-d0b4-a7526fbd24e0,high,True,2023-12-31T19:20:49.419593,0.2,fresh,2024-01-01T00:00:00
31f63417-1bc9-06a2-d325-4a1ffe257e9c,ws-00063,windows_workstation,Windows 11 22H2,workstation,c194d1fc-bd4d-0367-9f40-c17eee3dfc2d,medium,True,2023-12-30T07:38:23.175352,1.7,fresh,2024-01-01T00:00:00
f415ace5-b877-505a-528b-009a8680e2f6,ws-00064,windows_workstation,Windows 11 22H2,workstation,68eff95e-0fbf-006b-4c2a-cf420c0032ba,medium,True,2023-12-28T00:15:15.203395,4.0,fresh,2024-01-01T00:00:00
5d5b7060-1903-fdb3-e2b0-376f89b1d457,ws-00065,windows_workstation,Windows 11 22H2,workstation,c3bbb4d9-35b9-8b51-7018-d3c1ff33dfed,low,True,2023-12-31T13:45:11.256636,0.4,fresh,2024-01-01T00:00:00
5d475cc8-d335-0781-618d-4971fe0c8462,ws-00066,windows_workstation,Windows 11 22H2,workstation,81c86ff0-5a4f-3149-5822-24ab2cef75f6,high,True,2023-12-31T02:21:51.892297,0.9,fresh,2024-01-01T00:00:00
203c7ccf-224d-70ed-ae6c-80d10626719e,ws-00067,windows_workstation,Windows 11 22H2,workstation,22180f87-95ae-61d1-464a-d578d6df3a42,low,True,2023-12-30T20:10:07.728690,1.2,fresh,2024-01-01T00:00:00
1403356f-547a-9d2b-2d83-51e62824e2cb,ws-00068,windows_workstation,Windows 11 22H2,workstation,2f5c98cb-8bbe-e9d5-009e-61654bc59ca3,low,True,2023-12-31T21:36:00,0.1,fresh,2024-01-01T00:00:00
748635ca-d87f-3b20-db79-9713b4a19cd3,ws-00069,windows_workstation,Windows 11 22H2,workstation,97426679-0bea-805c-3521-11911b89fda9,critical,True,2023-12-31T12:36:58.955880,0.5,fresh,2024-01-01T00:00:00
b2210e3e-dd1f-2414-ac8d-f817725bbacc,ws-00070,windows_workstation,Windows 11 22H2,workstation,83d83405-056f-9e36-cf7b-73365350638e,high,True,2023-12-27T23:10:49.607577,4.0,fresh,2024-01-01T00:00:00
d93f7b09-d84b-5d06-1ed4-6d2c6cb2d10c,ws-00071,windows_workstation,Windows 11 22H2,workstation,7bcc2584-c3ed-3e94-a161-5825883b8665,low,True,2023-12-31T18:26:51.189037,0.2,fresh,2024-01-01T00:00:00
766a57b0-115e-ef25-d078-105434cba8b4,ws-00072,windows_workstation,Windows 11 22H2,workstation,d39ec2ec-a1e7-7059-3d1a-f01921b1f586,high,True,2023-12-31T13:41:35.047929,0.4,fresh,2024-01-01T00:00:00
1c5ae001-1de2-e3ec-2c55-15f48c5f8a8e,ws-00073,windows_workstation,Windows 11 22H2,workstation,41e003e1-e214-632b-baaa-07d995663378,medium,True,2023-12-31T14:47:16.149064,0.4,fresh,2024-01-01T00:00:00
f5623f1a-433f-d733-b3db-285da8c80116,ws-00074,windows_workstation,Windows 11 22H2,workstation,64f6b5e9-0575-b262-65b7-2dc7925de541,medium,True,2023-12-27T13:02:17.994531,4.5,fresh,2024-01-01T00:00:00
557dffac-fab2-dc5d-f0a0-7aa417e378d7,ws-00075,windows_workstation,Windows 11 22H2,workstation,1eb9b1ba-172e-5310-3cdd-b1c527797651,critical,True,2023-12-31T15:12:21.947231,0.4,fresh,2024-01-01T00:00:00
deb2eaca-247e-f9da-49e7-0f340157a582,ws-00076,windows_workstation,Windows 11 22H2,workstation,ec6899ce-a8a1-686b-0d3e-ef7782dc8be6,medium,True,2023-12-31T21:36:00,0.1,fresh,2024-01-01T00:00:00
69c5322c-ddfb-202e-75bc-7dd2368f1bb7,ws-00077,windows_workstation,Windows 11 22H2,workstation,d63b355d-60be-94ac-ff6e-8b71b40440ab,medium,True,2023-12-30T21:35:34.465218,1.1,fresh,2024-01-01T00:00:00
da0e32a4-02b1-251c-c819-104a5e8919ea,ws-00078,windows_workstation,Windows 11 22H2,workstation,79b18b5c-ec16-493d-6bcd-da7a0e88b35d,medium,True,2023-12-28T04:46:28.935377,3.8,fresh,2024-01-01T00:00:00
06907069-8b6d-7619-8b7a-b6b37efb06d3,ws-00079,windows_workstation,Windows 11 22H2,workstation,13ff3602-819c-6a25-ff52-6bdba3e0b2de,medium,True,2023-12-31T16:23:32.292126,0.3,fresh,2024-01-01T00:00:00
99129d06-c02f-2df0-0311-9e719bbe8569,ws-00080,windows_workstation,Windows 11 22H2,workstation,cecac2d3-500f-1f4c-241a-1f296597bbae,critical,True,2023-12-30T22:34:07.763490,1.1,fresh,2024-01-01T00:00:00
228b15c3-f60f-4e3d-fa63-9656c7b46b71,ws-00081,windows_workstation,Windows 11 22H2,workstation,5ab79326-759b-ee3a-e147-254853cb45d0,low,True,2023-12-31T15:38:24.668532,0.3,fresh,2024-01-01T00:00:00
8dcdfd73-005e-4eb1-c2f0-0cd9f3033405,ws-00082,windows_workstation,Windows 11 22H2,workstation,a68c7f92-5c2a-bcce-c075-a6dfc18583e3,critical,True,2023-12-30T17:10:51.657322,1.3,fresh,2024-01-01T00:00:00
fe4bb1cc-63d1-ab09-322d-35cd81d8ce68,ws-00083,windows_workstation,Windows 11 22H2,workstation,e85f9b9c-5bd8-cf83-00ba-20a8ec25c4ee,medium,True,2023-12-30T10:49:29.667002,1.5,fresh,2024-01-01T00:00:00
d798cecb-e5b7-6096-e056-75f26812713b,ws-00084,windows_workstation,Windows 11 22H2,workstation,89c29860-57c2-a321-3465-a304a027e629,high,True,2023-12-31T21:36:00,0.1,fresh,2024-01-01T00:00:00
04ee3f02-8f81-ce91-0426-ae1635823864,ws-00085,windows_workstation,Windows 11 22H2,workstation,f4128a3d-4f95-feb1-042f-4a1b5115f494,high,True,2023-12-29T12:19:49.428651,2.5,fresh,2024-01-01T00:00:00
581bc0b0-b64a-6de2-adcc-4bef80692f93,ws-00086,windows_workstation,Windows 11 22H2,workstation,1bf3dbf3-cbfd-59ee-6aa7-21d540a611fa,low,True,2023-12-31T13:33:21.477366,0.4,fresh,2024-01-01T00:00:00
dd53cbe2-4fc0-0e9b-3e0b-b2dec5b44587,ws-00087,windows_workstation,Windows 11 22H2,workstation,0fd7b2b8-f8b2-59d6-c7b9-3ec18f16c8d3,low,True,2023-12-31T16:40:32.440225,0.3,fresh,2024-01-01T00:00:00
0d86dd35-7158-71b3-8005-09ee0c3c629d,ws-00088,windows_workstation,Windows 11 22H2,workstation,b729e567-6dc1-6036-7c26-cbc449fc8514,medium,True,2023-12-31T20:18:04.443064,0.2,fresh,2024-01-01T00:00:00
840b8ab2-a59f-0215-e26c-72e3e72f2af4,ws-00089,windows_workstation,Windows 11 22H2,workstation,571163c9-6933-da74-d233-e68f428ea623,critical,True,2023-12-30T22:48:48.742224,1.0,fresh,2024-01-01T00:00:00
13f8bb73-58f2-1dc4-94f6-9bdb43eb3b1e,ws-00090,windows_workstation,Windows 11 22H2,workstation,fad26856-9106-643f-4c54-0a9a3efddcf4,critical,True,2023-12-26T09:47:09.052902,5.6,fresh,2024-01-01T00:00:00
19e46d3f-393c-e721-bdb4-b9111f63b45f,ws-00091,windows_workstation,Windows 11 22H2,workstation,3506484f-fa6b-1b0a-313d-7be576a8c510,low,True,2023-12-30T05:11:41.990824,1.8,fresh,2024-01-01T00:00:00
b65467e4-2bf1-9adc-7495-7b8f35ae7173,ws-00092,windows_workstation,Windows 11 22H2,workstation,e7c801b1-1fd7-5b2d-e415-8fcbc0da2804,low,True,2023-12-31T15:05:00.166030,0.4,fresh,2024-01-01T00:00:00
a9d6250a-98de-5821-6ef3-5242339847af,ws-00093,windows_workstation,Windows 11 22H2,workstation,499a6437-40cf-48c2-f5ee-912b17ffdb6f,medium,True,2023-12-25T03:09:35.540047,6.9,fresh,2024-01-01T00:00:00
1e800194-ec64-0841-1641-0707aabfe76c,ws-00094,windows_workstation,Windows 11 22H2,workstation,5dc15613-cdab-e0b9-9a89-df58a162653c,medium,True,2023-12-29T14:46:43.268449,2.4,fresh,2024-01-01T00:00:00
4fbd8654-8465-ebb7-ac25-0e4b99b9d70a,ws-00095,windows_workstation,Windows 11 22H2,workstation,21b32998-3201-4153-7e00-4739dc03f1e5,medium,False,2023-12-28T04:20:36.789964,999.0,fresh,2024-01-01T00:00:00
12dcb5d4-2008-77b0-5b3e-779448f6360d,ws-00096,windows_workstation,Windows 11 22H2,workstation,f5fb139d-b4f8-32d8-6245-bead1a6ee514,medium,True,2023-12-31T01:09:42.422075,1.0,fresh,2024-01-01T00:00:00
18a39189-8f39-0a30-4753-0c8ed06ab15f,ws-00097,windows_workstation,Windows 11 22H2,workstation,aef03263-e229-eb6a-ae98-d4a79b35f615,medium,True,2023-12-27T17:08:35.875798,4.3,fresh,2024-01-01T00:00:00
1127438e-3001-382b-fafc-853b5ecc968b,ws-00098,windows_workstation,Windows 11 22H2,workstation,1a1587a4-58ca-9024-2a99-fe2c824ef07c,medium,True,2023-12-31T21:36:00,0.1,fresh,2024-01-01T00:00:00
fbfbea7e-0e83-d12a-1bbb-6202279c37c8,ws-00099,windows_workstation,Windows 11 22H2,workstation,0de1124a-95eb-b03e-4e6a-0d87e8c27d3a,medium,True,2023-12-31T16:14:23.711867,0.3,fresh,2024-01-01T00:00:00
e3113620-d3a1-e0ca-e917-facb9b760cc8,ws-00100,windows_workstation,Windows 11 22H2,workstation,33a96bd9-3623-d573-00d7-2bffb28457ed,low,False,2023-12-31T06:44:29.491445,999.0,fresh,2024-01-01T00:00:00
1c63907e-8f49-a513-98ae-899394af193b,ws-00101,windows_workstation,Windows 11 22H2,workstation,47f5f2d8-da2c-b98d-6504-12fa8f5d3fff,high,True,2023-12-29T07:32:18.083227,2.7,fresh,2024-01-01T00:00:00
ea642877-cb22-34fa-fdf6-e49d8f6e218f,ws-00102,windows_workstation,Windows 11 22H2,workstation,d3eaca80-a537-ed57-848c-2a2e95675378,medium,True,2023-12-30T17:02:01.942130,1.3,fresh,2024-01-01T00:00:00
3646e0cf-e128-7b8a-983d-56eac94c3f23,ws-00103,windows_workstation,Windows 11 22H2,workstation,ea9a9077-4c59-c0d3-ca8e-ab91590cfd88,medium,True,2023-12-31T09:00:41.179082,0.6,fresh,2024-01-01T00:00:00
ddf20a2c-386b-14ad-975b-09f13cfb73c5,ws-00104,windows_workstation,Windows 11 22H2,workstation,ef7a9588-4ec0-a8dc-247f-3b69ac8dc54e,medium,True,2023-12-31T21:36:00,0.1,fresh,2024-01-01T00:00:00
60585263-b5bd-c422-dc67-ffa10d919df0,ws-00105,windows_workstation,Windows 11 22H2,workstation,7d8ca394-3e81-477f-48f2-d61e0bb7ce3f,medium,True,2023-12-26T23:45:30.622298,5.0,fresh,2024-01-01T00:00:00
89c303cc-8e35-3845-10be-6041a46c722f,ws-00106,windows_workstation,Windows 11 22H2,workstation,db034c60-2bd2-cd61-c079-a073a73ec1fa,low,True,2023-12-29T21:42:50.485515,2.1,fresh,2024-01-01T00:00:00
eb62b984-3aa9-3587-9955-1010513b54ba,ws-00107,windows_workstation,Windows 11 22H2,workstation,07368fc7-8e55-122c-030d-84e001ce8d68,low,True,2023-12-31T11:11:47.670734,0.5,fresh,2024-01-01T00:00:00
1a0409ba-c220-69d7-ce8c-30dd7353a4de,ws-00108,windows_workstation,Windows 11 22H2,workstation,e59598a3-ff9c-b233-773e-4ace54467df7,medium,True,2023-12-28T00:25:46.113955,4.0,fresh,2024-01-01T00:00:00
2ba6db5d-f0a6-da95-bb61-d2ea72de2caf,ws-00109,windows_workstation,Windows 11 22H2,workstation,a0c61b0d-0d3d-3835-91db-2c905bf4e1a6,medium,True,2023-12-26T16:11:57.384550,5.3,fresh,2024-01-01T00:00:00
b3db64c7-e46d-c99b-e3cb-c2059279144d,ws-00110,windows_workstation,Windows 11 22H2,workstation,3b2d5fcc-189c-15e6-6cf6-40e4a3ff5ca7,high,True,2023-12-31T13:15:03.049494,0.4,fresh,2024-01-01T00:00:00
a28f4013-f91b-a70d-4a16-dc30526b97f1,ws-00111,windows_workstation,Windows 11 22H2,workstation,9fb62eed-140c-ebb5-0733-f588a40f19b9,high,True,2023-12-30T20:13:43.948763,1.2,fresh,2024-01-01T00:00:00
c574ff03-f7c6-a1df-055a-4257d53a5843,ws-00112,windows_workstation,Windows 11 22H2,workstation,e5998672-0ba4-30aa-ecda-9c58a09ff42c,medium,True,2023-12-30T12:16:17.919928,1.5,fresh,2024-01-01T00:00:00
f97d5f61-3988-d356-db0c-90adc1c37fcc,ws-00113,windows_workstation,Windows 11 22H2,workstation,e8952495-8b47-1dde-242d-50ebfffc7590,medium,True,2023-12-28T05:39:18.164983,3.8,fresh,2024-01-01T00:00:00
710209ea-cce9-d568-16e3-9252ec7b0045,ws-00114,windows_workstation,Windows 11 22H2,workstation,e37d44ca-6f8f-7576-9ba5-ba2d2650a645,high,True,2023-12-31T21:36:00,0.1,fresh,2024-01-01T00:00:00
7969ac88-9cc8-a74b-599f-87994da37a52,ws-00115,windows_workstation,Windows 11 22H2,workstation,b6689bf4-9ce8-d496-04fc-18cdc858df53,low,True,2023-12-30T10:01:20.982289,1.6,fresh,2024-01-01T00:00:00
52098a74-7332-a09e-a0ff-1152b9f7f78b,ws-00116,windows_workstation,Windows 11 22H2,workstation,1800910d-c6d7-392b-eabd-f59fb1e468f1,low,True,2023-12-25T00:24:00.391100,7.0,fresh,2024-01-01T00:00:00
3b7a2363-9805-12e1-1347-15d8c8c3c51e,ws-00117,windows_workstation,Windows 11 22H2,workstation,d0dc157e-c602-71d2-9743-dc332cbcbed6,high,True,2023-12-31T18:37:27.278505,0.2,fresh,2024-01-01T00:00:00
651d222a-e073-0f73-c56d-431d6eb16c12,ws-00118,windows_workstation,Windows 11 22H2,workstation,005add89-56ee-6776-4dcc-dfb17b608184,medium,True,2023-12-30T01:01:38.910339,2.0,fresh,2024-01-01T00:00:00
b5c630df-78ec-d5c0-703f-f058a4ee6cce,ws-00119,windows_workstation,Windows 11 22H2,workstation,95575167-9f8b-fc81-1b26-9595709678da,low,False,2023-12-28T15:16:35.643127,999.0,fresh,2024-01-01T00:00:00
e1155cf6-057c-10d9-1bba-236406c7b29e,ws-00120,windows_workstation,Windows 11 22H2,workstation,a3a1ebee-15c9-c74c-e008-b4aa39b1496c,critical,True,2023-12-31T09:39:10.564446,0.6,fresh,2024-01-01T00:00:00
ff5d1c02-4b1f-6531-0f5b-c2ed7e9762a6,ws-00121,windows_workstation,Windows 11 22H2,workstation,bf675e22-8f91-0a5e-fa20-7f3a86e9d659,low,True,2023-12-28T01:18:32.404153,3.9,fresh,2024-01-01T00:00:00
8cc5b1c8-2337-b14b-69c7-82cbf3eb3b5f,ws-00122,windows_workstation,Windows 11 22H2,workstation,ced29bb1-15fe-c33c-e75a-6e58e195f051,medium,True,2023-12-30T23:44:35.236104,1.0,fresh,2024-01-01T00:00:00
2d780ad5-13bd-d3f4-7c2b-7b469c72c7a4,ws-00123,windows_workstation,Windows 11 22H2,workstation,b8324d21-4491-27cd-b2aa-35c80187f485,medium,True,2023-12-26T06:56:01.303316,5.7,fresh,2024-01-01T00:00:00
eef6bf48-9651-c11d-1de7-b6ece75cbace,ws-00124,windows_workstation,Windows 11 22H2,workstation,768aba13-4965-95cd-7389-f33452d40a69,medium,True,2023-12-30T12:49:49.914677,1.5,fresh,2024-01-01T00:00:00
d54e9f66-ad77-da6d-07c6-89516fca547a,ws-00125,windows_workstation,Windows 11 22H2,workstation,1980de7c-f800-448c-ad9d-45a2e7686d2f,low,True,2023-12-31T11:53:08.437802,0.5,fresh,2024-01-01T00:00:00
abcbd60e-8ca2-ce16-1e3c-847dbe9210a8,ws-00126,windows_workstation,Windows 11 22H2,workstation,ec55dce0-36ba-abc3-6626-731a1093fa08,medium,True,2023-12-30T12:54:00.463531,1.5,fresh,2024-01-01T00:00:00
98f6de67-e0b9-c2d2-1ba1-59e372294306,ws-00127,windows_workstation,Windows 11 22H2,workstation,2dfb9545-0441-a6d2-81f9-1c50cfb4c2f3,medium,True,2023-12-30T14:56:26.684288,1.4,fresh,2024-01-01T00:00:00
5a917c7b-0ff2-2eed-2888-26b7a001f335,ws-00128,windows_workstation,Windows 11 22H2,workstation,ec1f1589-c93b-5faa-5232-ec4196850021,critical,True,2023-12-31T17:58:13.323612,0.3,fresh,2024-01-01T00:00:00
fc223c02-b9c6-d08e-baf8-bdcf0208a904,ws-00129,windows_workstation,Windows 11 22H2,workstation,bb15c13b-1591-cead-ba2f-45f625c58eb5,medium,True,2023-12-31T15:24:05.543659,0.4,fresh,2024-01-01T00:00:00
c9d4e04d-23d2-5028-4118-69bbbfa71e64,ws-00130,windows_workstation,Windows 11 22H2,workstation,bed19544-bb22-2658-ca33-0ecc620e9364,low,True,2023-12-31T15:23:44.968116,0.4,fresh,2024-01-01T00:00:00
97d89203-447e-e23c-54d9-30906a431944,ws-00131,windows_workstation,Windows 11 22H2,workstation,ddcf9ff3-2e84-a351-998e-0e4cdbf9d1a2,high,True,2023-12-25T02:42:37.589539,6.9,fresh,2024-01-01T00:00:00
2c30ab74-6e99-9434-63eb-908bfbd4dc21,ws-00132,windows_workstation,Windows 11 22H2,workstation,f26937f1-eba3-3717-089b-e8cb79d5013d,high,True,2023-12-29T01:39:55.000425,2.9,fresh,2024-01-01T00:00:00
a43873b4-e2e7-f0c8-835d-e6654e9a00d0,ws-00133,windows_workstation,Windows 11 22H2,workstation,714bdd60-dfbc-b100-3c3a-ff3f9904b481,medium,True,2023-12-31T21:36:00,0.1,fresh,2024-01-01T00:00:00
6376b60e-7ed7-0c76-ef08-359a2ec609c9,ws-00134,windows_workstation,Windows 11 22H2,workstation,bccd2120-6c43-18b5-1e56-cbcb68e87556,high,True,2023-12-27T23:00:33.634678,4.0,fresh,2024-01-01T00:00:00
1a6858e6-74c6-cca5-78f6-19d6b0b1ebfe,ws-00135,windows_workstation,Windows 11 22H2,workstation,d016224f-d17a-7b92-d572-d56b31d98a71,critical,True,2023-12-31T17:36:33.783765,0.3,fresh,2024-01-01T00:00:00
7865368d-83c0-2582-59f7-bdc8b151bf4a,ws-00136,windows_workstation,Windows 11 22H2,workstation,e5268b32-36cd-1f15-afd7-1f02bf9f1998,low,True,2023-12-29T09:36:20.101816,2.6,fresh,2024-01-01T00:00:00
3eee0c94-ec11-15e0-befa-56cc8420a649,ws-00137,windows_workstation,Windows 11 22H2,workstation,57519255-d731-58c5-62f0-e399018bd545,medium,True,2023-12-31T10:27:30.389848,0.6,fresh,2024-01-01T00:00:00
002f3cdf-87a8-7ed4-a88e-7b0d32f97a8b,ws-00138,windows_workstation,Windows 11 22H2,workstation,a82aeabc-5009-59cd-f4dd-c118c93494f9,low,True,2023-12-31T20:48:16.959218,0.1,fresh,2024-01-01T00:00:00
53a4e5c6-ff27-443d-00a2-f3b1cd4587fc,ws-00139,windows_workstation,Windows 11 22H2,workstation,ba087ccf-3854-2a46-ee74-e59ca0bca46a,low,True,2023-12-30T18:58:29.808689,1.2,fresh,2024-01-01T00:00:00
fb05df2a-b7ce-8413-5c10-457d8763378a,ws-00140,windows_workstation,Windows 11 22H2,workstation,4357a3b0-74f9-cfba-08f3-f11afc2ff7d0,high,True,2023-12-30T20:32:27.626836,1.1,fresh,2024-01-01T00:00:00
68559d40-4b46-e2ff-ad5f-b09decceb5ca,ws-00141,windows_workstation,Windows 11 22H2,workstation,74edaedd-0d93-ca3f-b7c5-571a93a23844,medium,True,2023-12-30T12:47:54.405489,1.5,fresh,2024-01-01T00:00:00
aeebf240-1747-d1e0-7575-e5f588acde07,ws-00142,windows_workstation,Windows 11 22H2,workstation,e2b8a177-dd01-0d58-58a8-42439a96c6c4,low,True,2023-12-31T04:23:58.442835,0.8,fresh,2024-01-01T00:00:00
05405a3a-be6f-3db7-68a1-7f5308dcaa50,ws-00143,windows_workstation,Windows 11 22H2,workstation,e53e1772-ee5f-f69b-a632-7cd566febb7d,medium,True,2023-12-29T11:07:23.911251,2.5,fresh,2024-01-01T00:00:00
7cfd08db-abaf-4e74-f2c6-41a1d0423af2,ws-00144,windows_workstation,Windows 11 22H2,workstation,221d5980-dac4-eb4c-9d13-8144cb075a28,medium,True,2023-12-28T18:56:12.601960,3.2,fresh,2024-01-01T00:00:00
7ef20c64-def2-56c2-8216-aba6381a6ae1,ws-00145,windows_workstation,Windows 11 22H2,workstation,184c83cd-f2a2-bd57-9913-f318cb92f820,medium,True,2023-12-30T20:09:00.380138,1.2,fresh,2024-01-01T00:00:00
fe224697-99d3-bd42-4292-98390a875b80,ws-00146,windows_workstation,Windows 11 22H2,workstation,16370975-614e-ca96-c360-5ea1979540e6,medium,True,2023-12-31T04:08:24.564656,0.8,fresh,2024-01-01T00:00:00
3125da84-d141-7a1a-cdf7-be085b9d6fab,ws-00147,windows_workstation,Windows 11 22H2,workstation,6cd63e90-b157-a674-a85a-4989dfa14d5d,medium,True,2023-12-30T19:07:55.149288,1.2,fresh,2024-01-01T00:00:00
53ceb404-92e6-af84-36b3-8ee74732e739,ws-00148,windows_workstation,Windows 11 22H2,workstation,948955ed-b37f-f594-15fb-b1cfa2d9fa38,medium,True,2023-12-29T21:22:27.308989,2.1,fresh,2024-01-01T00:00:00
6bfadbd1-6af2-9ed5-80d7-fb57dabfdc26,ws-00149,windows_workstation,Windows 11 22H2,workstation,10daf1bb-21c0-3f98-d8cc-462112c32a19,low,True,2023-12-29T08:25:23.104942,2.6,fresh,2024-01-01T00:00:00
831356f5-353e-995f-8fb3-b747b5ef80a4,ws-00150,windows_workstation,Windows 11 22H2,workstation,bd4dcbf5-6f80-c491-73c2-6d294a3d5154,medium,True,2023-12-31T12:07:23.719349,0.5,fresh,2024-01-01T00:00:00
9b1a83e6-9688-0751-eae9-d9f6447329dd,ws-00151,windows_workstation,Windows 11 22H2,workstation,d51e75c6-866f-4060-5b03-0aafaf8b6898,medium,True,2023-12-30T05:57:39.607356,1.8,fresh,2024-01-01T00:00:00
bcf23178-7025-f30f-a7fb-2540f38f920f,ws-00152,windows_workstation,Windows 11 22H2,workstation,003cc604-c321-12d2-d748-f20d11389887,medium,True,2023-12-29T17:23:29.119962,2.3,fresh,2024-01-01T00:00:00
85ae5e2f-750a-df2d-5a59-f48319f8bc4b,ws-00153,windows_workstation,Windows 11 22H2,workstation,9510d25a-819b-da3e-baf7-40237275bfc5,low,True,2023-12-30T02:30:08.987631,1.9,fresh,2024-01-01T00:00:00
b91a980b-ddc5-1fc8-310a-951e6ca33ef7,ws-00154,windows_workstation,Windows 11 22H2,workstation,569b6284-2bde-5030-ff9a-409d165c450b,high,True,2023-12-30T14:05:16.226176,1.4,fresh,2024-01-01T00:00:00
27009b97-3b60-480b-bf5c-868eb7ad74ca,ws-00155,windows_workstation,Windows 11 22H2,workstation,36f04d92-4e39-ae8a-cd71-0cd45870291c,medium,False,2023-12-28T10:43:22.705060,999.0,fresh,2024-01-01T00:00:00
ef18857e-ac03-6cf9-a003-ec9bd17c2d5c,ws-00156,windows_workstation,Windows 11 22H2,workstation,5aed97e5-2f31-122d-3d89-8b73b3abe218,medium,True,2023-12-28T19:59:59.257321,3.2,fresh,2024-01-01T00:00:00
5044b993-3c24-4ea9-50ba-daa00e2fdb25,ws-00157,windows_workstation,Windows 11 22H2,workstation,374043c0-de4b-a75a-fe3b-6262a2169478,medium,True,2023-12-28T06:37:37.476792,3.7,fresh,2024-01-01T00:00:00
226f86af-44fc-8487-39d9-0830d6da1148,ws-00158,windows_workstation,Windows 11 22H2,workstation,06075a57-0153-7616-eb2d-45ae6435ab47,medium,True,2023-12-29T23:08:54.941955,2.0,fresh,2024-01-01T00:00:00
3292326b-addd-a7f8-4df7-731ec7301bdd,ws-00159,windows_workstation,Windows 11 22H2,workstation,5cb9ec7d-cbaa-b2bc-02ed-88adc2eb396d,low,True,2023-12-31T03:22:33.806056,0.9,fresh,2024-01-01T00:00:00
8baa485e-57a0-3496-3d51-06f4de4c71e9,ws-00160,windows_workstation,Windows 11 22H2,workstation,8d57da60-0607-0315-ebc1-cb6a1ab9cd1f,low,True,2023-12-31T04:58:48.066129,0.8,fresh,2024-01-01T00:00:00
72fe3e94-3859-96d9-2b27-c63234047431,ws-00161,windows_workstation,Windows 11 22H2,workstation,7099c744-d7c6-0b75-81c5-57ae186a7684,low,True,2023-12-31T03:12:49.564627,0.9,fresh,2024-01-01T00:00:00
c132a2f6-a967-88d7-5851-3d2d8e084129,ws-00162,windows_workstation,Windows 11 22H2,workstation,5aa3d8f4-44a2-37e5-10c0-353a7a275d0a,low,True,2023-12-29T15:09:49.343337,2.4,fresh,2024-01-01T00:00:00
eee06bfc-6cb2-718f-2f82-3027122d2ad6,ws-00163,windows_workstation,Windows 11 22H2,workstation,faa93309-d64e-9f83-dfec-af8bcf90c4a9,medium,True,2023-12-28T07:12:32.298703,3.7,fresh,2024-01-01T00:00:00
a17b45ed-1ae2-22ec-a388-3b5a70f3397c,ws-00164,windows_workstation,Windows 11 22H2,workstation,bc5667d0-e6f6-c9f9-89ad-4a81724a3aab,medium,True,2023-12-31T11:01:35.575779,0.5,fresh,2024-01-01T00:00:00
b2f4f7e4-e5bf-025f-bfbd-9f70f6b0cb0c,ws-00165,windows_workstation,Windows 11 22H2,workstation,29e9e092-aa34-3d32-928f-7b02a8e7e576,medium,True,2023-12-31T01:27:14.825231,0.9,fresh,2024-01-01T00:00:00
79366830-4961-d970-63da-e62a245ae2d2,ws-00166,windows_workstation,Windows 11 22H2,workstation,252f99a6-53ec-86c0-ba50-1d0c2021454b,low,True,2023-12-29T12:52:03.812981,2.5,fresh,2024-01-01T00:00:00
daae2eac-c5be-ed93-bde9-e5c7c8095451,ws-00167,windows_workstation,Windows 11 22H2,workstation,8cbee3a6-f06f-f7e8-55fb-60fecc714891,medium,True,2023-12-31T18:01:32.373288,0.2,fresh,2024-01-01T00:00:00
21dc0a10-fe87-68f8-a454-287034038b49,ws-00168,windows_workstation,Windows 11 22H2,workstation,ed9c0cda-1a63-7bd9-24b5-4542c331d9f5,high,True,2023-12-31T19:20:03.259137,0.2,fresh,2024-01-01T00:00:00
5d62cccd-7c77-1b09-b471-1b601efa7566,ws-00169,windows_workstation,Windows 11 22H2,workstation,55d990bc-5244-23aa-c245-48616fff8cde,low,True,2023-12-31T05:17:01.221087,0.8,fresh,2024-01-01T00:00:00
c693ca64-74b7-a130-f8a1-0b44ce04e854,ws-00170,windows_workstation,Windows 11 22H2,workstation,32fea187-d15f-cebc-b256-71797afc05d1,low,True,2023-12-31T13:27:00.752451,0.4,fresh,2024-01-01T00:00:00
536ce9a0-4af9-2d50-5e7e-7b42348843a0,ws-00171,windows_workstation,Windows 11 22H2,workstation,d319589b-72a5-d7ee-0cc2-cb9feee06870,medium,True,2023-12-29T18:04:56.074724,2.2,fresh,2024-01-01T00:00:00
c81a14ed-15bb-17cc-bb77-033af7551b01,ws-00172,windows_workstation,Windows 11 22H2,workstation,21cfa911-720d-2289-aa27-d56996e9c584,critical,True,2023-12-28T16:02:22.918908,3.3,fresh,2024-01-01T00:00:00
b3b2493e-9fc5-0049-e3d3-3d594b1ac357,ws-00173,windows_workstation,Windows 11 22H2,workstation,6b3f63e7-38ab-ee54-e9f0-f3f754a2a6e0,low,False,2023-12-31T00:58:13.127269,999.0,fresh,2024-01-01T00:00:00
6e94f1a8-4992-5237-36a0-dda62a9c6873,ws-00174,windows_workstation,Windows 11 22H2,workstation,0d8d3e95-643b-0d92-b18b-0918dc38916a,high,True,2023-12-31T09:06:16.084002,0.6,fresh,2024-01-01T00:00:00
5dbfe621-c063-aa40-2fac-ec3b3048870b,ws-00175,windows_workstation,Windows 11 22H2,workstation,26e1fdee-a344-a7e4-dccd-d2fe145d5226,low,True,2023-12-31T19:12:14.593504,0.2,fresh,2024-01-01T00:00:00
2d51bc42-af6f-d01c-5f09-836b0c9ffedd,ws-00176,windows_workstation,Windows 11 22H2,workstation,6a348b60-4a68-683c-e53a-f1ce2c17981a,low,True,2023-12-31T19:38:49.251493,0.2,fresh,2024-01-01T00:00:00
bbc1fc6b-27da-c4ac-93c1-e96da4491307,ws-00177,windows_workstation,Windows 11 22H2,workstation,a5bfa97e-b0a3-fa17-0619-8343805b5aab,medium,True,2023-12-30T19:33:59.234802,1.2,fresh,2024-01-01T00:00:00
22a5e19b-bbd6-5f8d-8a0e-a4eb0c45bc6b,ws-00178,windows_workstation,Windows 11 22H2,workstation,6e14ad30-b683-b966-cc9a-181d49b53b50,medium,True,2023-12-30T12:35:31.314797,1.5,fresh,2024-01-01T00:00:00
4c393efa-a4ff-9770-1a23-f45ce70092e1,ws-00179,windows_workstation,Windows 11 22H2,workstation,43c6dd28-a09e-e2a4-32e0-da198a0137d0,medium,True,2023-12-27T23:41:47.504617,4.0,fresh,2024-01-01T00:00:00
83706a82-0003-c8e1-8336-b4f3163a0d4b,ws-00180,windows_workstation,Windows 11 22H2,workstation,0f9ce39d-40a7-50ae-90f6-815596fc29cf,medium,True,2023-12-29T08:46:32.972697,2.6,fresh,2024-01-01T00:00:00
e8b8aacc-5e79-06a1-dec8-79bc9817e3ca,ws-00181,windows_workstation,Windows 11 22H2,workstation,f4d7a467-c85b-c26b-0220-47baa2790033,medium,True,2023-12-31T07:29:05.965804,0.7,fresh,2024-01-01T00:00:00
a09319f3-f872-03d6-c56b-f55817c23905,ws-00182,windows_workstation,Windows 11 22H2,workstation,a77da827-3b96-92ec-4a79-5a6fee99382e,medium,True,2023-12-31T21:22:05.732538,0.1,fresh,2024-01-01T00:00:00
b8cd3d9d-0e5a-5c1e-a2e2-a9386c46b2fb,ws-00183,windows_workstation,Windows 11 22H2,workstation,2ba5eb7f-6c74-36e6-3300-6f8ee9ad7aa9,medium,True,2023-12-31T19:16:53.198902,0.2,fresh,2024-01-01T00:00:00
2ce98923-bcf6-bee7-65e4-e6d316e6afb8,ws-00184,windows_workstation,Windows 11 22H2,workstation,3053976b-d2d7-0f5a-fa13-f9c5378154d1,critical,True,2023-12-31T21:36:00,0.1,fresh,2024-01-01T00:00:00
8ce5a585-5eaa-9fc8-275d-d373a56b9dbb,ws-00185,windows_workstation,Windows 11 22H2,workstation,ef4b8ac8-4bd8-d12d-6f8f-96efd49f9ba3,medium,True,2023-12-28T03:16:53.577419,3.9,fresh,2024-01-01T00:00:00
f5afb911-256d-4ef6-1acb-49678b18cdd8,ws-00186,windows_workstation,Windows 11 22H2,workstation,2d734372-3e9c-ed8e-d182-88b5f48cd3f5,high,True,2023-12-30T12:46:53.717587,1.5,fresh,2024-01-01T00:00:00
5e5fd2ef-79c0-a189-37b3-a1cfe9ead8d9,ws-00187,windows_workstation,Windows 11 22H2,workstation,f6545f3d-725e-c0ff-49f8-102bb3eeb3c2,high,True,2023-12-30T14:33:25.324506,1.4,fresh,2024-01-01T00:00:00
29626c6e-c7af-a299-df50-5b05cbbe106d,ws-00188,windows_workstation,Windows 11 22H2,workstation,7ff89b80-a8ce-cbf1-13ba-f95cd22a4e2a,medium,True,2023-12-29T21:17:54.990116,2.1,fresh,2024-01-01T00:00:00
b0f12ad8-13d2-aa2b-2965-5b2508980d12,ws-00189,windows_workstation,Windows 11 22H2,workstation,dd324661-835d-7598-f9aa-0f94aab4400d,low,True,2023-12-31T11:12:45.618532,0.5,fresh,2024-01-01T00:00:00
f07e1931-0e52-6129-1950-9a45cb01c1c7,ws-00190,windows_workstation,Windows 11 22H2,workstation,abbd1e2a-1f89-4501-8e71-02d460af02a5,medium,True,2023-12-31T04:40:41.807616,0.8,fresh,2024-01-01T00:00:00
8940a6d6-27fc-d24b-3475-f55064814172,ws-00191,windows_workstation,Windows 11 22H2,workstation,675f88cf-f29b-751a-568f-026411f01dfe,low,True,2023-12-30T07:25:01.797053,1.7,fresh,2024-01-01T00:00:00
9d4b8eb0-3e76-3e9c-71b5-2a4d7cab5070,ws-00192,windows_workstation,Windows 11 22H2,workstation,2abaefb9-5cca-2f14-dbaf-f42b0cac86aa,medium,True,2023-12-30T19:03:21.508003,1.2,fresh,2024-01-01T00:00:00
184ef237-ecd9-8e4e-42db-bf289244e607,ws-00193,windows_workstation,Windows 11 22H2,workstation,7f99d959-658a-60e5-61ea-4881b46b1f5f,medium,True,2023-12-27T04:44:31.671477,4.8,fresh,2024-01-01T00:00:00
ece06822-5a8e-6b8c-7ef2-cf9f93fc84ae,ws-00194,windows_workstation,Windows 11 22H2,workstation,0bd209b8-1260-4ce4-da56-35e8dfa4bbdd,medium,True,2023-12-30T15:41:26.971558,1.3,fresh,2024-01-01T00:00:00
32b7c733-676d-e1fb-c10f-e21bfcff207e,ws-00195,windows_workstation,Windows 11 22H2,workstation,b38d373d-391d-0188-4077-0e855f289089,medium,True,2023-12-30T13:12:29.791501,1.4,fresh,2024-01-01T00:00:00
894a9c93-ad5e-1c67-35c9-64f42deeabec,ws-00196,windows_workstation,Windows 11 22H2,workstation,b0e4db90-8109-5d2c-62a7-a3e8effa2532,medium,True,2023-12-31T10:48:07.160509,0.5,fresh,2024-01-01T00:00:00
44005e8c-12f2-2185-d134-c03b7f006599,ws-00197,windows_workstation,Windows 11 22H2,workstation,379fb92f-e677-7017-5947-a4b71bc40266,high,True,2023-12-31T20:38:05.549470,0.1,fresh,2024-01-01T00:00:00
3f82ad05-b82b-c955-dc22-372d1e53c772,ws-00198,windows_workstation,Windows 11 22H2,workstation,8fa5e411-727b-a9f6-770a-cbcc30df797e,medium,True,2023-12-31T12:04:45.016514,0.5,fresh,2024-01-01T00:00:00
18fd5080-c284-f091-25a2-56b1c7df0424,ws-00199,windows_workstation,Windows 11 22H2,workstation,ea716eb6-23a9-e84b-02de-168ba91a6c18,medium,True,2023-12-31T11:29:47.184605,0.5,fresh,2024-01-01T00:00:00
79efa444-5c1a-d6f6-a48d-86744af990f8,ws-00200,windows_workstation,Windows 11 22H2,workstation,ebec2003-6773-8505-dd71-11dc499c093a,low,True,2023-12-31T14:51:04.910341,0.4,fresh,2024-01-01T00:00:00
1fd48efa-295e-f44a-1625-0de1fe857b2b,ws-00201,windows_workstation,Windows 11 22H2,workstation,712c8167-4522-30fe-2ee6-b6101b86dbbf,medium,True,2023-12-31T21:36:00,0.1,fresh,2024-01-01T00:00:00
6d3c1b64-8a13-a51e-8511-0c90115f8aef,ws-00202,windows_workstation,Windows 11 22H2,workstation,f26299c6-4f4f-1b55-e4dc-33f7b8ce6780,critical,True,2023-12-31T18:04:05.526636,0.2,fresh,2024-01-01T00:00:00
a49421be-7ec2-8996-dc86-391e78ec723f,ws-00203,windows_workstation,Windows 11 22H2,workstation,bb955780-4c60-86f7-4699-2f44331afd25,medium,True,2023-12-29T09:51:19.803358,2.6,fresh,2024-01-01T00:00:00
b27c5a55-b6c2-17a6-34cd-aee4381f79f7,ws-00204,windows_workstation,Windows 11 22H2,workstation,f6f572a8-aa19-b88b-c1c3-4546fd4a5fec,medium,True,2023-12-30T15:27:36.630558,1.4,fresh,2024-01-01T00:00:00
2d34a018-c070-a32d-b11d-ff8e64a17dbf,ws-00205,windows_workstation,Windows 11 22H2,workstation,0a012fda-565b-1dd1-79a8-fc771cff1a91,low,True,2023-12-30T11:31:08.999676,1.5,fresh,2024-01-01T00:00:00
5804a8a3-6a7b-2c3b-1652-246b1a2e9388,ws-00206,windows_workstation,Windows 11 22H2,workstation,55ac721b-cf60-5a58-13f3-ceb1a57802b3,low,True,2023-12-31T19:38:39.248042,0.2,fresh,2024-01-01T00:00:00
d8287f51-50e5-e3b9-8986-8c01ea731ee6,ws-00207,windows_workstation,Windows 11 22H2,workstation,050ea92c-884a-90bb-ad95-c42903f3b50c,low,True,2023-12-30T04:35:53.431735,1.8,fresh,2024-01-01T00:00:00
f678832f-ebfb-c276-49ae-037eeb5eebf1,ws-00208,windows_workstation,Windows 11 22H2,workstation,e6457eec-9f8a-d371-d34c-70bd68676970,medium,True,2023-12-30T10:09:58.568341,1.6,fresh,2024-01-01T00:00:00
07b3b2f3-5f78-c511-9966-d823ccfa342f,ws-00209,windows_workstation,Windows 11 22H2,workstation,5d96428e-90c7-7fcf-beb4-2b21a14b536d,high,True,2023-12-31T06:52:37.413845,0.7,fresh,2024-01-01T00:00:00
0a6ee592-ac84-6aa3-0194-83df20cc0251,ws-00210,windows_workstation,Windows 11 22H2,workstation,316da781-0961-c1ca-8c31-4fe38153f9fd,high,True,2023-12-29T06:26:53.750531,2.7,fresh,2024-01-01T00:00:00
2a334193-ae2f-a9db-08f4-dcc2e36a985d,ws-00211,windows_workstation,Windows 11 22H2,workstation,ea74a248-040e-0c80-9f09-2bd8c160a6fc,high,True,2023-12-31T14:41:10.548714,0.4,fresh,2024-01-01T00:00:00
cf67945f-0d9d-147b-d1f1-07692aff1f91,ws-00212,windows_workstation,Windows 11 22H2,workstation,f7457841-203d-a639-7b64-f6a14d9ce297,medium,True,2023-12-25T10:39:04.300490,6.6,fresh,2024-01-01T00:00:00
c3349aec-1dcb-3844-6c57-95c1daf3c318,ws-00213,windows_workstation,Windows 11 22H2,workstation,e0f80c69-b822-7a2b-fe4c-74be0ab1cec0,medium,True,2023-12-31T10:18:04.441794,0.6,fresh,2024-01-01T00:00:00
2ca9b1c6-9024-d069-8f1c-70d4b93b6773,ws-00214,windows_workstation,Windows 11 22H2,workstation,352f34fa-35fa-2ab0-7fa9-b3162d0c2e3e,medium,True,2023-12-27T22:27:12.432368,4.1,fresh,2024-01-01T00:00:00
41b7a271-5937-6fc0-c966-3f6d1b3606ca,ws-00215,windows_workstation,Windows 11 22H2,workstation,0578bc74-3627-ea49-e20e-5115d4ceffb2,medium,False,2023-12-30T10:24:29.245655,999.0,fresh,2024-01-01T00:00:00
b51ca8b1-d98d-1c7d-8b0b-7d09a8ee583f,ws-00216,windows_workstation,Windows 11 22H2,workstation,0a935fc3-8279-3f11-f8e9-a5499c65e2a4,medium,True,2023-12-25T15:44:58.087997,6.3,fresh,2024-01-01T00:00:00
c8d8da1f-e0ba-b876-8981-ee4e47f25e58,ws-00217,windows_workstation,Windows 11 22H2,workstation,25f44aef-6eec-b8db-562e-2cb10a2123cd,medium,False,2023-12-30T17:16:55.134703,999.0,fresh,2024-01-01T00:00:00
ee13e232-d518-7da1-d919-e5a5120d0d2d,ws-00218,windows_workstation,Windows 11 22H2,workstation,11c13f5f-ab26-69a4-e233-2b973ecebabf,medium,True,2023-12-27T08:14:50.475596,4.7,fresh,2024-01-01T00:00:00
1067768b-ec46-eea1-7aad-7ee2179c86d7,ws-00219,windows_workstation,Windows 11 22H2,workstation,13cc4d32-6d02-cc88-cdb3-a30405f9cdab,medium,True,2023-12-31T09:18:53.723147,0.6,fresh,2024-01-01T00:00:00
5d05d7c2-04f9-7a8d-1fc5-31aebb1b1b8d,ws-00220,windows_workstation,Windows 11 22H2,workstation,cc6fef29-5f89-5f8a-1ad2-410391ca1561,medium,True,2023-12-29T21:49:16.967460,2.1,fresh,2024-01-01T00:00:00
418961ef-c236-8764-fa70-2f256b6d2473,ws-00221,windows_workstation,Windows 11 22H2,workstation,678e3fc3-9c42-f39c-4218-88cd87475585,low,True,2023-12-30T00:30:45.066001,2.0,fresh,2024-01-01T00:00:00
9f7ba3b2-ed55-e2c5-d0d8-077695bc95fc,ws-00222,windows_workstation,Windows 11 22H2,workstation,de24c3bf-3c77-7725-6f85-55df80694d0c,low,True,2023-12-25T23:55:18.446738,6.0,fresh,2024-01-01T00:00:00
3aeb74bc-b04e-8688-767f-68b9131bdc8a,ws-00223,windows_workstation,Windows 11 22H2,workstation,cadc4036-8ef7-3b57-ae53-4db2cae48907,medium,True,2023-12-20T00:38:26.985675,12.0,fresh,2024-01-01T00:00:00
8e4de1f3-c987-a1e0-d283-45e9e4dc1736,ws-00224,windows_workstation,Windows 11 22H2,workstation,0bff1204-8166-cdac-1b80-6516faf01db7,low,True,2023-12-24T12:50:51.112766,7.5,fresh,2024-01-01T00:00:00
5cbb6cef-c6f9-694c-0ef9-905667f6173e,ws-00225,windows_workstation,Windows 11 22H2,workstation,2d410ebd-ecf3-307a-c256-dda69a3354a6,high,True,2023-12-31T15:57:07.336497,0.3,fresh,2024-01-01T00:00:00
08032a52-7b60-4bea-386e-5616ebe464cd,ws-00226,windows_workstation,Windows 11 22H2,workstation,e46801ac-ea03-bb05-a739-ea57891522ae,medium,False,2023-12-31T11:25:19.143325,999.0,fresh,2024-01-01T00:00:00
6b52002a-0c33-56b9-c944-7dede45fbcc9,ws-00227,windows_workstation,Windows 11 22H2,workstation,f0a5ea91-1d4a-dd22-5470-d84456c3d923,high,True,2023-12-31T21:36:00,0.1,fresh,2024-01-01T00:00:00
a40e9bab-423c-8d49-74f2-89601bd4e0b6,ws-00228,windows_workstation,Windows 11 22H2,workstation,61351d06-212d-e610-24c4-08a93db53d9f,low,True,2023-12-27T17:13:09.260118,4.3,fresh,2024-01-01T00:00:00
2b418dfd-a80e-b397-a519-53f24b7f64d2,ws-00229,windows_workstation,Windows 11 22H2,workstation,ac4c5dfa-b80f-fec3-5965-1f3a82157806,low,True,2023-12-31T14:52:47.749271,0.4,fresh,2024-01-01T00:00:00
289e7fd3-d966-037a-a643-f68bb5864647,ws-00230,windows_workstation,Windows 11 22H2,workstation,9204ce66-5077-6610-4ec6-c51635e7dc5a,medium,True,2023-12-31T17:39:52.954485,0.3,fresh,2024-01-01T00:00:00
f1672f44-4d9c-1b33-94da-a1b8ec0b2446,ws-00231,windows_workstation,Windows 11 22H2,workstation,93e8be78-0cf8-bb3b-529e-355cf36274d3,medium,True,2023-12-28T02:03:44.712766,3.9,fresh,2024-01-01T00:00:00
372da859-c704-7420-087a-4ca3f5a8faf9,ws-00232,windows_workstation,Windows 11 22H2,workstation,9b427d4e-3c68-d330-96a9-f3e3ba50d21d,medium,True,2023-12-29T09:42:13.021291,2.6,fresh,2024-01-01T00:00:00
5a086989-e1e6-98c2-c352-74aac9502229,ws-00233,windows_workstation,Windows 11 22H2,workstation,558f1324-d70b-0cc4-49bc-eb2efe0180ad,medium,True,2023-12-30T03:16:21.087593,1.9,fresh,2024-01-01T00:00:00
738bd905-4384-8c29-9dd2-0c6cc639a802,ws-00234,windows_workstation,Windows 11 22H2,workstation,97cf0fdd-fe6c-8c84-fb44-920e0773c93a,medium,True,2023-12-26T17:37:47.263291,5.3,fresh,2024-01-01T00:00:00
521600f3-fdc9-df38-e5ac-2618095e1824,ws-00235,windows_workstation,Windows 11 22H2,workstation,69d71433-e81d-1e28-784d-38c005b2d8e7,medium,True,2023-12-31T05:31:12.905066,0.8,fresh,2024-01-01T00:00:00
83e241f7-2172-1505-0780-7c767d2dc22e,ws-00236,windows_workstation,Windows 11 22H2,workstation,07cf7b1f-b2f5-1c4e-9b41-5b3f841d24e1,high,True,2023-12-30T18:03:12.076226,1.2,fresh,2024-01-01T00:00:00
8b6c3c0b-2ad4-5ec4-c9c8-b6cee6441f1e,ws-00237,windows_workstation,Windows 11 22H2,workstation,2cee64a6-c18b-ba3f-82e9-011cad1001c4,low,True,2023-12-30T16:14:41.920265,1.3,fresh,2024-01-01T00:00:00
23bd37a2-cbd5-e8cd-a849-6fadb50d8357,ws-00238,windows_workstation,Windows 11 22H2,workstation,612f3ed6-3370-60d3-e996-8f92698afcbb,medium,True,2023-12-30T20:14:16.637072,1.2,fresh,2024-01-01T00:00:00
64c6a4fd-ee0f-b7bf-a6c6-068ff90d6f7b,ws-00239,windows_workstation,Windows 11 22H2,workstation,e23f6566-dc1b-5fbf-5669-748d917b9fac,low,True,2023-12-30T18:59:06.439177,1.2,fresh,2024-01-01T00:00:00
86f2ad43-a58a-5a3f-5a08-fdc21fbbf4ca,ws-00240,windows_workstation,Windows 11 22H2,workstation,685fa575-5bed-ab7d-8c07-c0438f237c97,medium,False,2023-12-29T08:26:21.566408,999.0,fresh,2024-01-01T00:00:00
9091e9ef-c0ae-3d4a-ac1c-94276036d1a4,ws-00241,windows_workstation,Windows 11 22H2,workstation,aea8b95b-45a4-5d5f-f65f-efdd7b3d75dc,high,True,2023-12-26T16:30:06.340504,5.3,fresh,2024-01-01T00:00:00
ce34d22d-a48e-4ce0-49d1-da2a0c4b3bc4,ws-00242,windows_workstation,Windows 11 22H2,workstation,e7f475ac-ad2a-e600-ef16-70c028e810ef,medium,True,2023-12-31T12:57:49.679079,0.5,fresh,2024-01-01T00:00:00
78af0391-52c0-fdca-c6bc-ffe2f9fe3797,ws-00243,windows_workstation,Windows 11 22H2,workstation,764655a5-7cfb-ce90-0c81-f9b5fc65ef45,low,True,2023-12-30T21:21:02.099053,1.1,fresh,2024-01-01T00:00:00
e0b52f74-89ca-46b1-f53d-974b317caf87,ws-00244,windows_workstation,Windows 11 22H2,workstation,692e7099-f27d-5e38-61b1-c0b779092915,low,True,2023-12-29T01:53:19.057897,2.9,fresh,2024-01-01T00:00:00
297b6816-f903-ec85-460d-11c06c3fdba1,ws-00245,windows_workstation,Windows 11 22H2,workstation,7311181e-2b5e-7924-01cf-e9da5eb0b7dd,low,True,2023-12-28T02:08:28.358750,3.9,fresh,2024-01-01T00:00:00
075bfe9c-0f12-9bae-3c6c-c1b74bbbff60,ws-00246,windows_workstation,Windows 11 22H2,workstation,615107bc-3939-4eaa-beaa-54b7beab921f,critical,False,2023-12-29T08:57:00.022990,999.0,fresh,2024-01-01T00:00:00
b9f9538d-31db-2c56-6acd-982b42cccc48,ws-00247,windows_workstation,Windows 11 22H2,workstation,35842e3a-c906-0787-ab8b-1d14f9449d82,low,True,2023-12-29T00:03:28.666782,3.0,fresh,2024-01-01T00:00:00
a4541350-ea0a-ef0a-6e43-c3e1c8f571c6,ws-00248,windows_workstation,Windows 11 22H2,workstation,d70676ec-8a98-8250-9140-80facb4c902c,high,True,2023-12-30T12:58:27.813803,1.5,fresh,2024-01-01T00:00:00
44360700-1693-0e02-5ec9-a93ac4453510,ws-00249,windows_workstation,Windows 11 22H2,workstation,4c35005d-2af1-f0f7-575f-53da3e0d9f9b,medium,True,2023-12-29T00:46:53.790181,3.0,fresh,2024-01-01T00:00:00
bc29d52f-3f35-3ecc-b56c-7af4349c86d1,ws-00250,windows_workstation,Windows 11 22H2,workstation,671ed6cf-fe16-1473-bccf-c7cbb1b025fc,medium,False,2023-12-28T16:34:34.080715,999.0,fresh,2024-01-01T00:00:00
7b579fe3-5d52-58d6-1d7d-e8cb9ca7025a,ws-00251,windows_workstation,Windows 11 22H2,workstation,d9b605e9-2880-002d-0d58-9aeb1cc55a01,low,True,2023-12-31T09:35:18.997134,0.6,fresh,2024-01-01T00:00:00
437d0543-16de-a689-9627-043585362c0c,ws-00252,windows_workstation,Windows 11 22H2,workstation,74a31e3b-3be1-5563-cbbf-c92b89286efb,critical,True,2023-12-27T20:23:36.268540,4.2,fresh,2024-01-01T00:00:00
a5b0ac5a-c86b-a1aa-410b-f309d6aca0ae,ws-00253,windows_workstation,Windows 11 22H2,workstation,063aa2c1-2536-155b-e54e-2023079b0516,high,True,2023-12-31T17:07:43.171867,0.3,fresh,2024-01-01T00:00:00
254d3008-b798-9224-4292-349b84ee4d0e,ws-00254,windows_workstation,Windows 11 22H2,workstation,37a4b2e1-331c-e217-9e0e-166f6b0041ee,medium,True,2023-12-31T18:29:11.522779,0.2,fresh,2024-01-01T00:00:00
532ec176-2449-71d6-ad09-6460aa95711e,ws-00255,windows_workstation,Windows 11 22H2,workstation,d393d80c-88af-ede9-0899-eef1d2dd46d9,low,True,2023-12-31T13:44:27.825547,0.4,fresh,2024-01-01T00:00:00
f1ee4aa8-f354-dc1e-b76b-f3ac7187c2ef,ws-00256,windows_workstation,Windows 11 22H2,workstation,246294bc-2581-9148-9ba7-ec8b00d72197,low,False,2023-12-28T05:00:39.787140,999.0,fresh,2024-01-01T00:00:00
865e8309-2143-55ab-0687-45215bce1ff8,ws-00257,windows_workstation,Windows 11 22H2,workstation,72d67582-8293-434d-387c-9db392f44737,low,True,2023-12-30T23:54:59.249231,1.0,fresh,2024-01-01T00:00:00
901db64d-6715-2312-1c19-6bdddaaf9d26,ws-00258,windows_workstation,Windows 11 22H2,workstation,f0842133-1ef8-2c8d-1f79-c2158404e8cf,medium,True,2023-12-31T21:36:00,0.1,fresh,2024-01-01T00:00:00
d18ed70b-b4e6-dc49-0174-7e7f6423351c,ws-00259,windows_workstation,Windows 11 22H2,workstation,270cd70a-4a1c-ee34-235a-07bc8d90b3e3,low,True,2023-12-31T11:48:42.557330,0.5,fresh,2024-01-01T00:00:00
1cf1658b-9dec-6171-118c-a479b8fe19b1,ws-00260,windows_workstation,Windows 11 22H2,workstation,1dacd9d3-94ba-6f7f-2cf8-956041e38e0b,medium,True,2023-12-30T05:32:35.198465,1.8,fresh,2024-01-01T00:00:00
a5c0f320-95e3-9a5f-ea7b-2055cc9e24f9,ws-00261,windows_workstation,Windows 11 22H2,workstation,4a9beb2b-a6b9-fd78-6306-f96e231e510d,medium,True,2023-12-28T06:03:36.456297,3.7,fresh,2024-01-01T00:00:00
10f60037-4be1-f510-83a8-7f0bf1cdda02,ws-00262,windows_workstation,Windows 11 22H2,workstation,8180dfb9-82d6-2603-0056-00c2dbe35450,medium,True,2023-12-31T21:36:00,0.1,fresh,2024-01-01T00:00:00
2f049678-f316-5663-48e8-c37057b391de,ws-00263,windows_workstation,Windows 11 22H2,workstation,fbc3c4a8-e309-544e-495d-6c44b0602394,low,True,2023-12-30T18:49:18.840486,1.2,fresh,2024-01-01T00:00:00
b104b2ec-d6a6-1bb8-b6ae-839c3608612b,ws-00264,windows_workstation,Windows 11 22H2,workstation,1a62f803-2a2c-8486-060c-f4239141b321,high,True,2023-12-31T17:53:52.653903,0.3,fresh,2024-01-01T00:00:00
d64b991f-8566-51a5-4c2b-ecd85e8395b7,ws-00265,windows_workstation,Windows 11 22H2,workstation,155c0bdb-c7fe-fe4a-2cb6-7d0e684fcf73,medium,True,2023-12-30T03:29:43.091338,1.9,fresh,2024-01-01T00:00:00
ae19b755-6845-e98f-44ee-da4e61610223,ws-00266,windows_workstation,Windows 11 22H2,workstation,ec0a4c33-26dd-39e0-0df4-61eb2bf885b6,high,True,2023-12-28T15:50:30.632381,3.3,fresh,2024-01-01T00:00:00
fa3a51fe-e6c7-baf9-8df1-6f06144dc33b,ws-00267,windows_workstation,Windows 11 22H2,workstation,b5ab8ab4-5bfc-0bed-5fe1-e8e430950731,low,True,2023-12-25T06:44:16.095866,6.7,fresh,2024-01-01T00:00:00
2857cc36-1510-e886-1a21-424cc72511b2,ws-00268,windows_workstation,Windows 11 22H2,workstation,26bba8ea-8223-286b-6e53-61834d1b887a,medium,True,2023-12-25T00:42:51.296497,7.0,fresh,2024-01-01T00:00:00
e8568c55-f59a-35b0-0871-29d0a87f112e,ws-00269,windows_workstation,Windows 11 22H2,workstation,24bd1b9e-1e82-335c-4ef1-11f0f3df97f7,low,False,2023-12-29T14:45:44.303017,999.0,fresh,2024-01-01T00:00:00
35a3636d-4ca8-baf1-5f7f-7ea323270baf,ws-00270,windows_workstation,Windows 11 22H2,workstation,7e8ba882-9649-f355-6697-b55f069a3407,medium,True,2023-12-29T11:51:05.506456,2.5,fresh,2024-01-01T00:00:00
a1f23211-b194-5ec9-0750-490d070c5664,ws-00271,windows_workstation,Windows 11 22H2,workstation,dd8d264e-0d50-c07a-9482-a2fcd6d5f318,low,True,2023-12-29T12:09:46.148903,2.5,fresh,2024-01-01T00:00:00
c8f02cdf-8f99-051f-cc93-03ccc7cab0bc,ws-00272,windows_workstation,Windows 11 22H2,workstation,e9dc0297-a815-e34f-74ee-506ec44d0242,low,True,2023-12-30T20:32:00.246019,1.1,fresh,2024-01-01T00:00:00
65892129-9aeb-7e45-51c5-0483dbf473d6,ws-00273,windows_workstation,Windows 11 22H2,workstation,dd129a96-445d-c4c0-c730-cfae1791c5f9,low,True,2023-12-31T07:40:06.092657,0.7,fresh,2024-01-01T00:00:00
e9b5993a-4ab9-7e6f-6aea-d3e80fb35530,ws-00274,windows_workstation,Windows 11 22H2,workstation,f18ef227-5743-0d6d-3cce-71b59889f5ae,low,True,2023-12-29T12:41:48.057785,2.5,fresh,2024-01-01T00:00:00
b291f1e3-30f8-a74d-4af1-261dec9d2d40,ws-00275,windows_workstation,Windows 11 22H2,workstation,484be94e-4940-f44c-2b2d-732417749186,high,True,2023-12-30T09:21:55.227087,1.6,fresh,2024-01-01T00:00:00
4018fcf4-51e5-4f99-01ec-519b1df45205,ws-00276,windows_workstation,Windows 11 22H2,workstation,608a4677-ddf5-99c6-994d-6992fdf2fb84,low,True,2023-12-31T09:59:18.930315,0.6,fresh,2024-01-01T00:00:00
b1ba5717-6f75-cc89-456f-37fd11278fb9,ws-00277,windows_workstation,Windows 11 22H2,workstation,c177b4e7-a0ba-4f0b-682c-1e730fcc6431,low,True,2023-12-28T19:39:49.860878,3.2,fresh,2024-01-01T00:00:00
547cbd2e-ce90-7b80-f134-6c91667ad2e8,ws-00278,windows_workstation,Windows 11 22H2,workstation,242de566-c091-f104-8166-f7c71a091744,low,True,2023-12-28T22:37:39.903350,3.1,fresh,2024-01-01T00:00:00
f7c37165-f773-eb69-2c05-ff89689dc643,ws-00279,windows_workstation,Windows 11 22H2,workstation,f57d841f-c63f-f461-6912-529100c278fe,medium,True,2023-12-30T21:30:17.625246,1.1,fresh,2024-01-01T00:00:00
1c552121-00f4-f48a-37f5-72646ba21cc2,ws-00280,windows_workstation,Windows 11 22H2,workstation,c3261899-5e64-c139-3f76-4d09c83021c3,low,True,2023-12-30T00:46:46.882878,2.0,fresh,2024-01-01T00:00:00
8bc73662-949c-2a50-6f69-aa81193dcd10,ws-00281,windows_workstation,Windows 11 22H2,workstation,a40d05eb-95fc-828b-8620-a9ba93be6933,critical,True,2023-12-26T22:41:20.780979,5.1,fresh,2024-01-01T00:00:00
83ed5cbc-7b7e-0964-2440-8497ac606487,ws-00282,windows_workstation,Windows 11 22H2,workstation,c37e4c0e-7bf1-f40f-ef50-a53260ae59a5,high,True,2023-12-31T06:29:59.508536,0.7,fresh,2024-01-01T00:00:00
bcf9b435-e964-ed93-4e9c-15420478607c,ws-00283,windows_workstation,Windows 11 22H2,workstation,66108f19-e5d5-d29f-2ab9-53122565709d,low,True,2023-12-29T04:48:40.297885,2.8,fresh,2024-01-01T00:00:00
b382425a-5bd2-5add-88f4-beafba23e851,ws-00284,windows_workstation,Windows 11 22H2,workstation,803aca22-723c-7343-b636-41be318d9911,medium,True,2023-12-31T16:55:32.514917,0.3,fresh,2024-01-01T00:00:00
032942d1-c663-272c-8236-639964f3a6f4,ws-00285,windows_workstation,Windows 11 22H2,workstation,d3bc4a4b-64f7-ec24-ab44-dd5fd261c317,medium,True,2023-12-30T03:19:28.520737,1.9,fresh,2024-01-01T00:00:00
4782aa12-45f2-b487-8460-f6a8be7700af,ws-00286,windows_workstation,Windows 11 22H2,workstation,d562e8e8-092c-de30-1450-dc20545ea3f9,medium,True,2023-12-31T07:13:51.088417,0.7,fresh,2024-01-01T00:00:00
e1a7e80c-cca0-d89c-1930-c8f6623c97be,ws-00287,windows_workstation,Windows 11 22H2,workstation,0121bc2b-5edc-32af-7e95-04fe3c996ed3,medium,True,2023-12-31T20:35:17.241206,0.1,fresh,2024-01-01T00:00:00
d5a49ba6-45a7-6391-e2bb-8a7f57e4c2dc,ws-00288,windows_workstation,Windows 11 22H2,workstation,e69406ea-d990-4bf9-6588-f565001fd0ea,medium,False,2023-12-31T18:11:42.001083,999.0,fresh,2024-01-01T00:00:00
0ad2f782-8466-8632-e3b8-5fb116ed0c64,ws-00289,windows_workstation,Windows 11 22H2,workstation,b574c9fe-7e9a-bf7b-d008-3c1a2e31cf7e,medium,True,2023-12-28T02:40:43.886599,3.9,fresh,2024-01-01T00:00:00
93dd32fd-58f3-51f8-25a2-52b59a869556,ws-00290,windows_workstation,Windows 11 22H2,workstation,278612b5-923a-2bc4-66fa-91d902202494,medium,True,2023-12-30T02:20:25.384475,1.9,fresh,2024-01-01T00:00:00
9199ba01-1dad-fa88-4983-e11c0d5c9bfb,ws-00291,windows_workstation,Windows 11 22H2,workstation,b23453af-4c57-9c23-4bbf-fa762c4c85d6,low,True,2023-12-28T12:07:18.834694,3.5,fresh,2024-01-01T00:00:00
54e29a9d-54a7-c0dd-b49b-498736dc3ad1,ws-00292,windows_workstation,Windows 11 22H2,workstation,ac7fed64-fe51-2f8b-c77a-dbb52705bd49,critical,True,2023-12-27T03:38:31.244146,4.8,fresh,2024-01-01T00:00:00
b07bab61-e5e7-8ee1-2421-ae80d081749c,ws-00293,windows_workstation,Windows 11 22H2,workstation,1a2a5a72-ee40-9a53-abce-2ea333d42848,medium,True,2023-12-31T18:36:04.643401,0.2,fresh,2024-01-01T00:00:00
37224c55-94a9-5202-7b09-c6f3c8be92f0,ws-00294,windows_workstation,Windows 11 22H2,workstation,fcd92001-e020-1bfd-cb4f-7c77f5400fc1,low,True,2023-12-29T23:22:42.591051,2.0,fresh,2024-01-01T00:00:00
c5c5fb64-afd8-d0fa-caca-cc136a6d15bc,ws-00295,windows_workstation,Windows 11 22H2,workstation,3ca7b7db-63a9-0116-74b5-e4c3d78696ca,medium,True,2023-12-30T07:03:45.082657,1.7,fresh,2024-01-01T00:00:00
ec44bd06-f683-0348-701f-1663679071ae,ws-00296,windows_workstation,Windows 11 22H2,workstation,2b58fb44-6f1b-5ddc-cca0-a84c036c92c6,low,True,2023-12-25T11:48:08.229081,6.5,fresh,2024-01-01T00:00:00
5ac83961-9fa0-ee78-f707-c7bf89e8f5a5,ws-00297,windows_workstation,Windows 11 22H2,workstation,f8258f60-8553-4a04-f2cc-a5ab00c11b92,critical,True,2023-12-22T12:39:38.342679,9.5,fresh,2024-01-01T00:00:00
096e2c63-76b1-94c5-c467-08ebbfadaa22,ws-00298,windows_workstation,Windows 11 22H2,workstation,4eb4fcd0-181b-7973-a1f8-99c96f99c06e,high,True,2023-12-28T16:36:02.130431,3.3,fresh,2024-01-01T00:00:00
61855362-be87-960d-40a5-bf6fad7eceba,ws-00299,windows_workstation,Windows 11 22H2,workstation,887a0316-f93c-e665-f8de-5092f220f587,medium,True,2023-12-30T19:13:31.028510,1.2,fresh,2024-01-01T00:00:00
89fecd60-9f44-6fb6-30b1-d48e39d606d2,ws-00300,windows_workstation,Windows 11 22H2,workstation,2f71c28b-78a7-fda4-a4a1-84b0e1dd5e85,high,True,2023-12-22T18:30:41.965518,9.2,fresh,2024-01-01T00:00:00
36962820-69c6-69f5-b010-18a5227e8190,ws-00301,windows_workstation,Windows 11 22H2,workstation,2557c747-76a4-a1bc-ac2d-a8b6d08a270b,low,True,2023-12-31T05:17:04.197731,0.8,fresh,2024-01-01T00:00:00
1ec059b6-81bc-54db-2c51-6223e3cf39d6,ws-00302,windows_workstation,Windows 11 22H2,workstation,2b00af51-2fb1-1d7f-49e2-ad5f6e665eaf,medium,True,2023-12-30T15:58:40.079320,1.3,fresh,2024-01-01T00:00:00
9e7398b4-b731-e015-5486-4218b5a2c9ab,ws-00303,windows_workstation,Windows 11 22H2,workstation,5db2b437-b761-8186-0d79-f0c5e3d991ab,medium,True,2023-12-30T04:38:56.646483,1.8,fresh,2024-01-01T00:00:00
7e075ab0-3de9-a2d6-a220-5114e483dd3e,ws-00304,windows_workstation,Windows 11 22H2,workstation,99b03598-8c82-a728-7290-db2d2f5b9530,medium,True,2023-12-30T12:21:09.810185,1.5,fresh,2024-01-01T00:00:00
70ff6f5e-f760-e7c5-dc37-30f50762d9f3,ws-00305,windows_workstation,Windows 11 22H2,workstation,53791d71-0663-8749-ec34-7c46fe7e96b9,low,True,2023-12-31T03:15:37.244245,0.9,fresh,2024-01-01T00:00:00
8e74a0db-bab8-4a85-4588-082bb2452a91,ws-00306,windows_workstation,Windows 11 22H2,workstation,e56d55a8-27da-a2f8-78f0-14dca8e2d679,high,True,2023-12-30T15:00:44.583971,1.4,fresh,2024-01-01T00:00:00
bf086fcf-f91f-815b-1c1e-e62271d4cd22,ws-00307,windows_workstation,Windows 11 22H2,workstation,d49fe7d3-e6a7-1c15-0e26-de48b8f99c48,high,True,2023-12-30T12:01:35.784184,1.5,fresh,2024-01-01T00:00:00
417c1e07-7b1d-4050-6256-3dfe2bb36476,ws-00308,windows_workstation,Windows 11 22H2,workstation,60c6c101-3d44-625e-e33e-141aaad91377,high,False,2023-12-31T19:00:44.572944,999.0,fresh,2024-01-01T00:00:00
76be1fd3-2a3f-9108-0269-29a1ad39a756,ws-00309,windows_workstation,Windows 11 22H2,workstation,27119ee4-6bfd-0da6-eb8e-c80f65855642,medium,True,2023-12-31T04:27:44.456292,0.8,fresh,2024-01-01T00:00:00
c7756c9a-90f5-f318-53a7-12146e9c522a,ws-00310,windows_workstation,Windows 11 22H2,workstation,c201b1dd-ad45-ec35-1c6f-f0d1e6e33999,medium,True,2023-12-30T16:42:40.022477,1.3,fresh,2024-01-01T00:00:00
4daddb72-8e38-22b7-3294-decb60655517,ws-00311,windows_workstation,Windows 11 22H2,workstation,2e1ee486-61f2-987f-38b0-3d6cbff9eefb,low,True,2023-12-31T21:35:38.411852,0.1,fresh,2024-01-01T00:00:00
bd3da3ee-a3cd-6494-71d6-1874866f93f0,ws-00312,windows_workstation,Windows 11 22H2,workstation,f50feb0f-cb5a-4da4-1015-ed811bec4e7d,low,True,2023-12-31T20:29:24.878167,0.1,fresh,2024-01-01T00:00:00
7353978e-6098-c4da-a838-173ba767607b,ws-00313,windows_workstation,Windows 11 22H2,workstation,28bb5a2d-966c-50d0-04d7-abe4a6dcd189,low,True,2023-12-30T18:50:04.168788,1.2,fresh,2024-01-01T00:00:00
65ccff9b-0504-9c8a-b92e-b7b59fa89482,ws-00314,windows_workstation,Windows 11 22H2,workstation,aece5c59-bd0f-f08a-65d8-8acfef0b6d8c,medium,True,2023-12-31T08:11:25.832572,0.7,fresh,2024-01-01T00:00:00
0bb4bc50-e7b0-6538-689e-d8efa5802f4d,ws-00315,windows_workstation,Windows 11 22H2,workstation,4a06c059-55cd-44f7-9047-9fefb9d42018,medium,True,2023-12-25T22:26:32.369294,6.1,fresh,2024-01-01T00:00:00
0e84515a-ca03-905f-61ab-6c12c20b5f5c,ws-00316,windows_workstation,Windows 11 22H2,workstation,f4afaee3-96a6-9a55-21ef-0c90b781404c,medium,True,2023-12-31T17:25:01.357922,0.3,fresh,2024-01-01T00:00:00
0fa58b92-40f6-b751-a868-fc6571cf28d2,ws-00317,windows_workstation,Windows 11 22H2,workstation,027edcc3-3f53-58a0-2464-79aa3258cbee,low,True,2023-12-29T17:59:42.618902,2.3,fresh,2024-01-01T00:00:00
981ae4e9-80e4-9847-b314-77ff03fef85d,ws-00318,windows_workstation,Windows 11 22H2,workstation,33d1d774-fa35-05f7-cb4e-ae8e44b7e79c,low,True,2023-12-29T00:16:48.806788,3.0,fresh,2024-01-01T00:00:00
cb93b9ee-3e0d-f2ea-9da0-11e119ef7ca8,ws-00319,windows_workstation,Windows 11 22H2,workstation,fee67d7c-530b-2ab5-3df2-e1e1c147f0fe,medium,True,2023-12-31T08:53:42.927422,0.6,fresh,2024-01-01T00:00:00
8c8087f8-bb05-13bf-fb1b-227e82cca374,ws-00320,windows_workstation,Windows 11 22H2,workstation,785e9467-085c-f96f-906c-c6206e6ec254,critical,True,2023-12-31T15:51:33.455608,0.3,fresh,2024-01-01T00:00:00
f03f22a2-0035-1fe0-0633-b029deb59321,ws-00321,windows_workstation,Windows 11 22H2,workstation,3f03d35e-d8c8-c97f-39db-5d261ba52504,low,True,2023-12-29T17:23:59.363929,2.3,fresh,2024-01-01T00:00:00
adc7f5c3-d8e2-72e0-4e84-50170cc5ab78,ws-00322,windows_workstation,Windows 11 22H2,workstation,7bf34096-0f1f-d7fa-f90a-58162bd7c89a,medium,True,2023-12-31T12:12:42.055272,0.5,fresh,2024-01-01T00:00:00
60a5e231-5145-5b5d-c7c8-43a82a0beace,ws-00323,windows_workstation,Windows 11 22H2,workstation,eb652d30-74c6-9bbf-c6d5-e28094f8bf6e,high,True,2023-12-31T03:10:28.467361,0.9,fresh,2024-01-01T00:00:00
3053f0f2-8349-18e9-fdf3-54ee02761a76,ws-00324,windows_workstation,Windows 11 22H2,workstation,456abf15-2654-2f16-e84a-c5f9cd6a2003,low,True,2023-12-30T01:50:11.937355,1.9,fresh,2024-01-01T00:00:00
a9a3de8d-c129-c080-a27f-52ee91852615,ws-00325,windows_workstation,Windows 11 22H2,workstation,fe90a379-9a69-95a2-44e8-94b35c67c19a,low,True,2023-12-30T03:21:36.683279,1.9,fresh,2024-01-01T00:00:00
53364fc7-0bd1-b34a-fc68-f36ffd63c1f4,ws-00326,windows_workstation,Windows 11 22H2,workstation,9dc56b6e-de46-1030-4996-3f80cb9c7edf,medium,True,2023-12-30T19:20:08.394785,1.2,fresh,2024-01-01T00:00:00
49b29c87-2929-3e6b-7aaf-ac2469ed2e9a,ws-00327,windows_workstation,Windows 11 22H2,workstation,d300563c-41cb-1da3-3c34-c096b4de76ec,high,True,2023-12-30T10:00:47.495621,1.6,fresh,2024-01-01T00:00:00
1c07bacd-14d4-d4c8-b7e0-ae236646d2f7,ws-00328,windows_workstation,Windows 11 22H2,workstation,396c2788-7c7b-75cd-1c19-5edb10f7d16b,low,True,2023-12-31T00:15:18.123846,1.0,fresh,2024-01-01T00:00:00
6cfcc751-c229-439b-adf9-dc2f6456da5b,ws-00329,windows_workstation,Windows 11 22H2,workstation,536c1918-650a-6847-894e-a4284432eb93,low,True,2023-12-30T18:28:03.970695,1.2,fresh,2024-01-01T00:00:00
3252ab9e-a9da-4d33-283d-45e887fa7b15,ws-00330,windows_workstation,Windows 11 22H2,workstation,d36abb21-d122-3f8b-5ea3-50082e70b40e,medium,True,2023-12-29T04:17:53.815926,2.8,fresh,2024-01-01T00:00:00
b8dfa2bb-800d-0573-171a-8aec1604aa71,ws-00331,windows_workstation,Windows 11 22H2,workstation,728dcd4e-453b-f139-77d4-c029d8c14d50,medium,True,2023-12-31T15:18:27.627954,0.4,fresh,2024-01-01T00:00:00
f580996d-cd3c-2195-3e6f-3b69b1dabb92,ws-00332,windows_workstation,Windows 11 22H2,workstation,736c1704-7c69-21c1-993c-dcf89c4aa53f,low,True,2023-12-31T00:03:35.842584,1.0,fresh,2024-01-01T00:00:00
3b3365bd-7c9c-f89d-daf0-9a5e706c8da3,ws-00333,windows_workstation,Windows 11 22H2,workstation,eb69e10a-3c39-8dca-0b55-c29c704bd6a8,medium,True,2023-12-31T07:58:36.434118,0.7,fresh,2024-01-01T00:00:00
2a72aa52-8f54-d454-1bd8-97cc0e9f2401,ws-00334,windows_workstation,Windows 11 22H2,workstation,e312e8c6-6e92-aae4-812b-cb45a326a3d8,medium,True,2023-12-27T22:46:16.354983,4.1,fresh,2024-01-01T00:00:00
23222929-600c-9de2-262f-783d3dcc9e32,ws-00335,windows_workstation,Windows 11 22H2,workstation,39ef08b6-e2c8-4511-4bca-236246812187,low,True,2023-12-30T03:28:00.528304,1.9,fresh,2024-01-01T00:00:00
5d201899-d00d-dc31-5fd0-c8e93325d5be,ws-00336,windows_workstation,Windows 11 22H2,workstation,641c0463-3deb-9d86-dabf-9c5f7070c630,low,True,2023-12-28T03:49:54.201578,3.8,fresh,2024-01-01T00:00:00
3baeb78b-d9bb-23b3-5f52-13b17ab581f0,ws-00337,windows_workstation,Windows 11 22H2,workstation,2ba1104f-53c0-d21b-6882-4545ce4ed8fb,medium,True,2023-12-29T09:55:02.589181,2.6,fresh,2024-01-01T00:00:00
da5be2f5-249f-2fa1-f2a9-a74edb7d8ccb,ws-00338,windows_workstation,Windows 11 22H2,workstation,167fef15-843b-6d12-5038-87eb72bb489f,medium,True,2023-12-29T02:17:52.064385,2.9,fresh,2024-01-01T00:00:00
e3031275-0f70-84ca-1246-c01cb0997450,ws-00339,windows_workstation,Windows 11 22H2,workstation,7f958a72-2b3b-17c9-d394-51e11a83f789,low,True,2023-12-29T22:02:57.625393,2.1,fresh,2024-01-01T00:00:00
d12d30f5-25fa-7f62-f580-c79c798ecef5,ws-00340,windows_workstation,Windows 11 22H2,workstation,10df728f-17fd-4312-3cd6-1db09b3ca40d,medium,True,2023-12-28T09:42:05.260901,3.6,fresh,2024-01-01T00:00:00
fb11f973-baa7-6e10-b597-8f7273c7f3a6,ws-00341,windows_workstation,Windows 11 22H2,workstation,9e041819-0616-d1d1-6e27-6f3699250730,critical,True,2023-12-30T16:26:49.227192,1.3,fresh,2024-01-01T00:00:00
b9535902-0010-4cd1-f559-6f7739fd37c3,ws-00342,windows_workstation,Windows 11 22H2,workstation,85e31db4-189e-e189-a55e-0f0c44a62afa,low,True,2023-12-27T23:11:57.514531,4.0,fresh,2024-01-01T00:00:00
c6095a42-8b08-0b5d-ba57-f5f29385a13d,ws-00343,windows_workstation,Windows 11 22H2,workstation,40476426-3c0f-8ec5-e7dd-abe76963cc3d,low,True,2023-12-31T21:03:25.418747,0.1,fresh,2024-01-01T00:00:00
42701d8b-0b68-85db-8a65-932b52162236,ws-00344,windows_workstation,Windows 11 22H2,workstation,740e1948-7dd8-a834-f2c0-565d8551197a,medium,False,2023-12-31T05:58:52.006145,999.0,fresh,2024-01-01T00:00:00
88b2b7be-324b-6b9b-ccd6-38ed6f779918,ws-00345,windows_workstation,Windows 11 22H2,workstation,9b3f5407-b433-1101-a2cc-d3ba6c2e5487,low,True,2023-12-30T07:23:24.310326,1.7,fresh,2024-01-01T00:00:00
0ca98e2d-364f-94da-2569-39061c9a6323,ws-00346,windows_workstation,Windows 11 22H2,workstation,fe1d8566-ea9c-0d5f-b372-8704655a9c7c,low,True,2023-12-31T11:24:11.108632,0.5,fresh,2024-01-01T00:00:00
8e96c7f4-f3a3-9031-c9e0-885aab93c7a5,ws-00347,windows_workstation,Windows 11 22H2,workstation,2e1786e9-d5d2-8729-1ea1-054ace8c46b8,low,True,2023-12-28T22:56:19.239745,3.0,fresh,2024-01-01T00:00:00
bf018365-f4ef-91a8-901a-0302329f2760,ws-00348,windows_workstation,Windows 11 22H2,workstation,8272a061-f554-2d6b-cc3d-48c7bff1842d,low,True,2023-12-31T00:51:47.370952,1.0,fresh,2024-01-01T00:00:00
40ab097e-bf9c-96a9-6b42-8fa495dc4a1a,ws-00349,windows_workstation,Windows 11 22H2,workstation,4192df04-0252-019b-74bd-e9a8fa81068b,low,True,2023-12-31T08:07:06.568978,0.7,fresh,2024-01-01T00:00:00
85632395-a1d3-5dcd-09d5-aafdc99ddef4,ws-00350,windows_workstation,Windows 11 22H2,workstation,0b8c0110-52db-236a-38a2-1501c96a0b15,medium,True,2023-12-29T10:56:07.660395,2.5,fresh,2024-01-01T00:00:00
faeca985-ff88-df7e-57d7-f499b4377ec1,ws-00351,windows_workstation,Windows 11 22H2,workstation,ef0eefb6-4ce6-2323-4af4-fd8c9c7d26a5,medium,True,2023-12-30T01:46:38.207286,1.9,fresh,2024-01-01T00:00:00
2884cb93-3ec8-3885-8d49-a1c8d24b799b,ws-00352,windows_workstation,Windows 11 22H2,workstation,164ea9f2-bc06-3cae-7514-87502a04ed16,high,True,2023-12-31T15:35:29.981853,0.4,fresh,2024-01-01T00:00:00
7de3aab6-bb00-850d-03f7-5906a0559c50,ws-00353,windows_workstation,Windows 11 22H2,workstation,7a5d7b65-3326-0d7e-1e44-a5365fb32b92,high,True,2023-12-30T21:44:13.237880,1.1,fresh,2024-01-01T00:00:00
8643fe5f-e04a-bf72-21cc-7a09ff976cda,ws-00354,windows_workstation,Windows 11 22H2,workstation,b36ae31a-53ca-c8a4-e2f3-fa70fd85db7e,critical,True,2023-12-31T15:33:54.878693,0.4,fresh,2024-01-01T00:00:00
780f7fb8-3204-d31e-25eb-979c75b9dba5,ws-00355,windows_workstation,Windows 11 22H2,workstation,cef984e6-a041-01c8-c32e-61ba5ae526c5,medium,True,2023-12-30T17:19:28.244164,1.3,fresh,2024-01-01T00:00:00
e90eddca-70b8-2aa6-f718-03e4e569ce25,ws-00356,windows_workstation,Windows 11 22H2,workstation,b9238605-5295-6185-57ca-b5f9d2bb98fc,medium,True,2023-12-30T04:55:36.760871,1.8,fresh,2024-01-01T00:00:00
95e00006-d900-cdc6-014f-453791f614c6,ws-00357,windows_workstation,Windows 11 22H2,workstation,0d4cad16-ef6a-1d1b-9d08-b7594817653e,medium,True,2023-12-30T14:27:12.622503,1.4,fresh,2024-01-01T00:00:00
22dd4f50-4918-311a-63de-a1c73573281e,ws-00358,windows_workstation,Windows 11 22H2,workstation,327e8d5f-e84b-158d-39e6-bd0fcbef06d6,high,True,2023-12-31T06:23:44.491056,0.7,fresh,2024-01-01T00:00:00
73aeac66-2721-9d44-0edd-db48e58c4811,ws-00359,windows_workstation,Windows 11 22H2,workstation,047bcab6-2e3e-00e9-70bd-869e00d1a304,medium,True,2023-12-31T00:03:02.430815,1.0,fresh,2024-01-01T00:00:00
4187c26d-cfca-7faf-2bb4-4934bc6f5274,ws-00360,windows_workstation,Windows 11 22H2,workstation,86f6e12f-5707-a5c7-93ce-29e69c180a22,medium,True,2023-12-31T14:59:40.605963,0.4,fresh,2024-01-01T00:00:00
f8c60ecf-4ed1-c25b-bbf6-ccce94ddeea7,ws-00361,windows_workstation,Windows 11 22H2,workstation,7ed38ca2-d7fa-97ce-f46e-8437b4b6687f,high,True,2023-12-29T11:26:04.508552,2.5,fresh,2024-01-01T00:00:00
bdd65d82-94e6-3ec7-050b-4b5f6ac381a0,ws-00362,windows_workstation,Windows 11 22H2,workstation,1fda4201-fd2c-7fbe-c776-df128e67c5a6,low,True,2023-12-30T09:38:05.803039,1.6,fresh,2024-01-01T00:00:00
e73ca4dc-851f-1699-86bc-e2603b45759a,ws-00363,windows_workstation,Windows 11 22H2,workstation,a2e592df-8d44-f581-2d70-15952cc7d5ad,high,False,2023-12-28T07:19:20.801361,999.0,fresh,2024-01-01T00:00:00
46a7545e-8d2f-dab1-5ea4-299a116b52e3,ws-00364,windows_workstation,Windows 11 22H2,workstation,0fc67a1d-ebd7-a825-d523-14966f5d7ea6,medium,True,2023-12-31T01:20:00.257784,0.9,fresh,2024-01-01T00:00:00
e937ea41-b48f-5f14-bc6a-21012f9f5acd,ws-00365,windows_workstation,Windows 11 22H2,workstation,c9523dc7-6b8a-484f-f0ff-efb8be9b688e,medium,True,2023-12-31T14:10:22.738459,0.4,fresh,2024-01-01T00:00:00
5356ebd2-c171-b9f8-3c1e-1b8a3f9d9102,ws-00366,windows_workstation,Windows 11 22H2,workstation,0f01a71f-94dc-0789-c5fd-4dca41036988,low,True,2023-12-31T21:36:00,0.1,fresh,2024-01-01T00:00:00
46fc03e4-49a3-5b6e-4fe0-46b0f03d7364,ws-00367,windows_workstation,Windows 11 22H2,workstation,a6ab3297-2a19-d18e-8fb4-bce19d97a77b,low,True,2023-12-29T18:30:35.595182,2.2,fresh,2024-01-01T00:00:00
347cb153-ea72-d096-dd36-98ca4eaf5676,ws-00368,windows_workstation,Windows 11 22H2,workstation,4f4f69f0-cbfe-e10e-7976-96a0358d807a,high,True,2023-12-29T01:30:31.117947,2.9,fresh,2024-01-01T00:00:00
47237418-7638-f007-6954-bc597fab365b,ws-00369,windows_workstation,Windows 11 22H2,workstation,cdba4e88-a3cd-ebd1-89dd-88ac8622a411,high,False,2023-12-30T19:37:37.645482,999.0,fresh,2024-01-01T00:00:00
848d41cf-7acc-3aff-a8f7-5023057d3778,ws-00370,windows_workstation,Windows 11 22H2,workstation,fc33090e-50b8-fcf2-ddde-e7dffcf3b18a,low,True,2023-12-28T20:38:54.524074,3.1,fresh,2024-01-01T00:00:00
57d302bb-590e-e48d-b456-d360dac556e1,ws-00371,windows_workstation,Windows 11 22H2,workstation,77767ca2-ea7e-fdea-af15-372fd6b96544,medium,True,2023-12-25T18:08:24.725218,6.2,fresh,2024-01-01T00:00:00
52bb90bb-b08a-8715-f609-40e9c45cf07f,ws-00372,windows_workstation,Windows 11 22H2,workstation,45ff9e40-5d7c-2576-f31a-3ad2e6230f9d,medium,True,2023-12-31T13:51:24.659672,0.4,fresh,2024-01-01T00:00:00
450971c1-41b5-632e-1ab6-4cefeb924414,ws-00373,windows_workstation,Windows 11 22H2,workstation,0cb67bb6-9f51-8143-7328-406411826d3c,medium,True,2023-12-31T02:48:21.067380,0.9,fresh,2024-01-01T00:00:00
30fae9f7-3ee9-1ee4-5440-58a3de38405d,ws-00374,windows_workstation,Windows 11 22H2,workstation,6ffa67ca-ba09-3896-5ebf-0b42a27a094c,medium,True,2023-12-30T11:02:42.279934,1.5,fresh,2024-01-01T00:00:00
7001fd74-71ac-e641-11cf-777599debc6b,ws-00375,windows_workstation,Windows 11 22H2,workstation,fe450f98-ff90-a07f-afb1-28632d40df9c,medium,True,2023-12-31T00:13:24.179130,1.0,fresh,2024-01-01T00:00:00
ff971c3c-7fe6-ba16-b2d6-aeb9bfc894b7,ws-00376,windows_workstation,Windows 11 22H2,workstation,63759457-f1b6-3173-3ee0-91aed6fe52c6,high,True,2023-12-31T21:36:00,0.1,fresh,2024-01-01T00:00:00
395a963e-4568-30c6-a5d5-24f0c0c2cf3d,ws-00377,windows_workstation,Windows 11 22H2,workstation,03c70033-5cd8-af18-0934-ed4a34567f76,low,True,2023-12-29T13:22:13.646117,2.4,fresh,2024-01-01T00:00:00
9029c54d-8c4e-a279-6c19-9e3d31d1925b,ws-00378,windows_workstation,Windows 11 22H2,workstation,45a02d73-455e-f900-d120-28c9cbe62bf0,low,True,2023-12-25T03:05:45.739582,6.9,fresh,2024-01-01T00:00:00
fa172a3a-3cbb-9fc5-31bd-d382dc26b617,ws-00379,windows_workstation,Windows 11 22H2,workstation,7d4ed6ba-5a8e-22fa-7466-c45a215b21f8,high,True,2023-12-30T17:27:35.305155,1.3,fresh,2024-01-01T00:00:00
2d6bf8a0-08f7-11e5-f1e2-d32ec7ddaf1f,ws-00380,windows_workstation,Windows 11 22H2,workstation,65688682-ad23-8587-c328-441c3247a477,low,True,2023-12-31T21:36:00,0.1,fresh,2024-01-01T00:00:00
09a18aba-c188-f875-9a9d-27baf3c7e85b,ws-00381,windows_workstation,Windows 11 22H2,workstation,cf2137fe-0292-6639-2292-874e1cd74f26,high,True,2023-12-31T18:04:27.195938,0.2,fresh,2024-01-01T00:00:00
70b68f12-f342-45bc-b2de-8e965cf93256,ws-00382,windows_workstation,Windows 11 22H2,workstation,598db98f-655d-df49-943b-2824ac81b03b,medium,True,2023-12-29T02:24:26.293455,2.9,fresh,2024-01-01T00:00:00
6c22c43b-b068-323e-2dae-9877f83abd77,ws-00383,windows_workstation,Windows 11 22H2,workstation,7409587d-161a-4dfe-b3a9-297924c84bd7,medium,True,2023-12-31T21:36:00,0.1,fresh,2024-01-01T00:00:00
88d9ab8c-6aeb-b8e3-7d6a-f7e61eb79d73,ws-00384,windows_workstation,Windows 11 22H2,workstation,1874eb29-9b5f-8e50-a453-797114f774d5,medium,True,2023-12-22T06:36:39.565617,9.7,fresh,2024-01-01T00:00:00
52095cac-4e32-0eda-73a1-333e6a0f0358,ws-00385,windows_workstation,Windows 11 22H2,workstation,a0fbe082-ee7b-547c-5c90-d06a57bf9e6f,medium,True,2023-12-31T06:00:54.757607,0.7,fresh,2024-01-01T00:00:00
68c808f7-d4fc-3e0a-9293-93904986437e,ws-00386,windows_workstation,Windows 11 22H2,workstation,65eb6d7f-209d-fb2f-a8f0-d056e680af5f,low,True,2023-12-26T19:50:34.024484,5.2,fresh,2024-01-01T00:00:00
e0e03c56-7aab-2a30-ba8f-dd9485879c74,ws-00387,windows_workstation,Windows 11 22H2,workstation,af7dad01-05e9-d553-43e5-963b45042205,low,True,2023-12-29T09:32:48.517138,2.6,fresh,2024-01-01T00:00:00
6bc9d795-4786-a0df-f661-6d2cca390e5f,ws-00388,windows_workstation,Windows 11 22H2,workstation,787e2b75-cdb3-2fd7-098e-80374b95839c,medium,True,2023-12-31T00:12:24.742240,1.0,fresh,2024-01-01T00:00:00
cba148da-e1a4-cd29-cf80-138017d700a3,ws-00389,windows_workstation,Windows 11 22H2,workstation,04d2356c-c258-e7a9-e24b-a8c018c6d838,low,True,2023-12-31T19:39:43.673765,0.2,fresh,2024-01-01T00:00:00
cd2d4a1d-1ea1-cf0f-371e-58479bbd2cbb,ws-00390,windows_workstation,Windows 11 22H2,workstation,7e7bf453-de24-3285-f67e-69d7b5066234,high,True,2023-12-29T19:21:47.865681,2.2,fresh,2024-01-01T00:00:00
b22b5aef-7830-f8e6-0248-5359d2d9bbc9,ws-00391,windows_workstation,Windows 11 22H2,workstation,130f8af4-6b66-e4ae-d40a-93ec63a20ed2,low,True,2023-12-31T20:52:30.591288,0.1,fresh,2024-01-01T00:00:00
855db7b5-3041-9106-9396-48d4f61d2626,ws-00392,windows_workstation,Windows 11 22H2,workstation,e7ac18ee-1747-5419-4245-a16ede4e5a91,medium,True,2023-12-30T19:35:37.628885,1.2,fresh,2024-01-01T00:00:00
79bc6927-0267-d6bf-bfd6-0b26c6c20ba1,ws-00393,windows_workstation,Windows 11 22H2,workstation,074d7c37-cb7a-fee0-7e54-4c0e84dd5947,high,False,2023-12-31T21:26:37.657532,999.0,fresh,2024-01-01T00:00:00
e3aff1e2-2b8a-6ac8-4ad5-beba65bfd21b,ws-00394,windows_workstation,Windows 11 22H2,workstation,3008dba8-59a9-4ed8-91c7-50ae2475b18b,low,True,2023-12-31T12:14:05.319721,0.5,fresh,2024-01-01T00:00:00
b055e68f-56f2-9e0e-46a1-dc2606706ab6,ws-00395,windows_workstation,Windows 11 22H2,workstation,13215139-8349-f139-864b-c89f6ba47685,low,True,2023-12-23T19:39:49.040206,8.2,fresh,2024-01-01T00:00:00
fa1876c4-90f4-afc5-bcd7-b9d19a045443,ws-00396,windows_workstation,Windows 11 22H2,workstation,593b4ee5-712d-9587-573f-b93d04e49c18,low,True,2023-12-27T15:34:28.350853,4.4,fresh,2024-01-01T00:00:00
6451fd6e-8109-3618-7f6b-88ef6b8b8517,ws-00397,windows_workstation,Windows 11 22H2,workstation,3ef6f532-30fd-e746-a4fd-e464711eb109,medium,True,2023-12-31T00:33:25.452703,1.0,fresh,2024-01-01T00:00:00
2476944a-5769-0ca8-f176-6ca620199656,ws-00398,windows_workstation,Windows 11 22H2,workstation,8be853c7-7b8f-5f39-cf1c-8f93221812db,low,True,2023-12-27T04:16:11.398421,4.8,fresh,2024-01-01T00:00:00
3bc1796b-2d03-88e9-2eb1-2f7ade30cd51,ws-00399,windows_workstation,Windows 11 22H2,workstation,7032ce3f-2238-4f74-aca3-07b031e6dab9,critical,True,2023-12-30T03:41:30.749918,1.8,fresh,2024-01-01T00:00:00
295052d6-8ac5-3e82-79a8-f6ae651520c6,ws-00400,windows_workstation,Windows 11 22H2,workstation,50ff5cf6-52d8-2819-e926-0b909948e094,medium,True,2023-12-31T03:33:48.817336,0.9,fresh,2024-01-01T00:00:00
adf20413-a331-edea-bf5e-2e5fccab3614,ws-00401,windows_workstation,Windows 11 22H2,workstation,522e58a5-bc43-5dd3-0cad-57bd270bafea,high,True,2023-12-31T03:46:11.373195,0.8,fresh,2024-01-01T00:00:00
d48c7979-107b-5fda-fa9d-592a9184d42a,ws-00402,windows_workstation,Windows 11 22H2,workstation,cc66f21c-3bb4-adba-2bf5-e504c1047e2a,medium,True,2023-12-27T07:31:55.038325,4.7,fresh,2024-01-01T00:00:00
c8b43f9d-ff08-18f4-5ef0-e955082eaa8e,ws-00403,windows_workstation,Windows 11 22H2,workstation,a5bcdf64-50d6-357c-3894-43e3e29f5664,medium,True,2023-12-31T02:41:49.801398,0.9,fresh,2024-01-01T00:00:00
064bfcf1-7222-dbfc-7bc7-a2f256032ae2,ws-00404,windows_workstation,Windows 11 22H2,workstation,db7075af-8fd6-3cf1-cae5-bbbbe80064c7,critical,False,2023-12-31T00:30:15.374393,999.0,fresh,2024-01-01T00:00:00
3a7e356e-403c-ec57-60c6-d394a03bc046,ws-00405,windows_workstation,Windows 11 22H2,workstation,3371bdc6-b7b3-7a29-5fc2-fa95b0da1445,medium,True,2023-12-30T18:08:46.978937,1.2,fresh,2024-01-01T00:00:00
1c32eb94-d63a-d830-1fc9-db1e8c6699fa,ws-00406,windows_workstation,Windows 11 22H2,workstation,261ba108-0fc6-2bf3-4ac8-7fe0542762b9,low,True,2023-12-29T16:15:18.485099,2.3,fresh,2024-01-01T00:00:00
daff83ef-7945-ab7a-c3d1-7013d28cbcab,ws-00407,windows_workstation,Windows 11 22H2,workstation,45823f91-76c8-127f-131d-05606ac29d87,medium,True,2023-12-30T12:27:24.516456,1.5,fresh,2024-01-01T00:00:00
f96568b6-6bc8-17c5-f7d3-1b2a587ae5ba,ws-00408,windows_workstation,Windows 11 22H2,workstation,52a5de89-2271-94d7-38c4-fe0cb200f991,high,True,2023-12-31T14:25:37.371274,0.4,fresh,2024-01-01T00:00:00
af208bc2-3a98-f4f5-9d90-277e458cca84,ws-00409,windows_workstation,Windows 11 22H2,workstation,16aaf2b0-5a2a-1bdd-23a5-ce9308941a1f,low,True,2023-12-31T21:36:00,0.1,fresh,2024-01-01T00:00:00
e0d6f57d-b369-ff57-5c03-59e110d3278f,ws-00410,windows_workstation,Windows 11 22H2,workstation,40625aaf-7b04-6a71-fb47-35e581c0e470,medium,True,2023-12-31T08:44:05.457398,0.6,fresh,2024-01-01T00:00:00
19c9da3e-fcf2-e522-b9f6-995cddf5b0de,ws-00411,windows_workstation,Windows 11 22H2,workstation,b9cd5425-3226-0680-929a-49fcd301b72c,low,True,2023-12-31T19:15:09.761962,0.2,fresh,2024-01-01T00:00:00
9818a735-733e-9a63-88a5-dc9345584bf3,ws-00412,windows_workstation,Windows 11 22H2,workstation,60085fee-89d1-9499-4600-f0e865b67bb5,low,True,2023-12-31T11:03:05.512061,0.5,fresh,2024-01-01T00:00:00
2bc5da9d-522b-2278-edb9-2c9bb3454a5b,ws-00413,windows_workstation,Windows 11 22H2,workstation,fe0bfb12-384c-a7e2-b297-a07681e65e82,medium,True,2023-12-31T13:23:35.688509,0.4,fresh,2024-01-01T00:00:00
9fc2fc55-e5fe-6575-fe28-4ee6257f5eef,ws-00414,windows_workstation,Windows 11 22H2,workstation,122f0b41-fcd8-e144-7965-e26271f3c7dd,medium,True,2023-12-29T16:47:41.701997,2.3,fresh,2024-01-01T00:00:00
9bde6cd2-30bd-ea8f-c500-8bfbbc882d7a,ws-00415,windows_workstation,Windows 11 22H2,workstation,fdf828d8-4008-07b8-5ba1-3c2b168f05ff,medium,True,2023-12-31T12:37:28.268207,0.5,fresh,2024-01-01T00:00:00
17632b78-42c9-27da-b085-80f64f1e7265,ws-00416,windows_workstation,Windows 11 22H2,workstation,0eeb1f4f-09c7-5aab-35c1-3d9b865313fe,medium,True,2023-12-31T18:51:38.328005,0.2,fresh,2024-01-01T00:00:00
6f11b743-1714-cc8c-ebb8-b46a697a09a3,ws-00417,windows_workstation,Windows 11 22H2,workstation,a9c91ed9-8db0-f2d9-218c-ac8b8e0389db,medium,True,2023-12-31T06:00:26.839205,0.7,fresh,2024-01-01T00:00:00
220e8933-d610-af62-a69a-4e6db6b99c3b,ws-00418,windows_workstation,Windows 11 22H2,workstation,10067df9-3786-caab-a26a-b15d81b31715,medium,True,2023-12-29T11:59:37.354790,2.5,fresh,2024-01-01T00:00:00
bf3e0fa4-681f-6fee-a478-b9d01e2d8d0c,ws-00419,windows_workstation,Windows 11 22H2,workstation,af0a550e-1679-2cc8-717d-abdccd7829eb,medium,True,2023-12-27T23:39:31.910365,4.0,fresh,2024-01-01T00:00:00
836a72f6-b598-4cde-1e1d-372dae499b5f,ws-00420,windows_workstation,Windows 11 22H2,workstation,dd169e39-be39-6215-60b1-c09dc2ff7aa1,medium,True,2023-12-31T21:36:00,0.1,fresh,2024-01-01T00:00:00
e0028458-8db5-f631-657a-700129d5bedd,ws-00421,windows_workstation,Windows 11 22H2,workstation,2258cacb-5e8d-06dc-2df9-56fbe2141401,medium,True,2023-12-30T20:04:40.442023,1.2,fresh,2024-01-01T00:00:00
69416381-27ad-d585-389e-93b78a3d5837,ws-00422,windows_workstation,Windows 11 22H2,workstation,96fa5dad-62a1-38ee-009c-7136c3894cc9,medium,True,2023-12-31T11:00:28.318730,0.5,fresh,2024-01-01T00:00:00
495394d8-71c0-f1bd-2bd9-3625c35ab4a6,ws-00423,windows_workstation,Windows 11 22H2,workstation,3e5277d4-7173-e280-0c75-9792d86c180b,medium,True,2023-12-27T01:18:33.533721,4.9,fresh,2024-01-01T00:00:00
06079326-001f-a7fc-351b-0cbdf7b5afa0,ws-00424,windows_workstation,Windows 11 22H2,workstation,a03c99d0-8f49-44b0-dbb4-e733371e5450,low,True,2023-12-31T21:36:00,0.1,fresh,2024-01-01T00:00:00
9ef3b522-9ba4-a4e8-2436-371a67244e37,ws-00425,windows_workstation,Windows 11 22H2,workstation,efe58e18-2f4c-d954-7bf9-094fb3afa9e7,medium,True,2023-12-27T20:42:24.068532,4.1,fresh,2024-01-01T00:00:00
b5108c87-aae7-e292-a061-0ae987dca9e8,ws-00426,windows_workstation,Windows 11 22H2,workstation,5bef61c3-1a86-82d4-d4ae-51b174660c7e,medium,True,2023-12-31T00:06:13.315849,1.0,fresh,2024-01-01T00:00:00
ab583e8a-6b66-471a-98a3-d0bbd6689bee,ws-00427,windows_workstation,Windows 11 22H2,workstation,66b66340-e71e-a4d5-47ea-def8a35fbee1,low,True,2023-12-30T10:59:48.909779,1.5,fresh,2024-01-01T00:00:00
fe4a30ac-28d7-d663-bef8-cf60de816780,ws-00428,windows_workstation,Windows 11 22H2,workstation,69679fdf-2567-85ad-845b-f4270d40f9b3,medium,True,2023-12-30T19:36:19.690545,1.2,fresh,2024-01-01T00:00:00
980d15a9-3f4b-5e8d-ef27-f75e41aab413,ws-00429,windows_workstation,Windows 11 22H2,workstation,94c5ac78-e9fc-aebf-7ed6-ffe3a4e51602,low,True,2023-12-26T02:31:38.395290,5.9,fresh,2024-01-01T00:00:00
286701d1-64ba-80e1-d7e2-a03f0a77b9e9,ws-00430,windows_workstation,Windows 11 22H2,workstation,58bbeecb-50ad-6ef4-5bfc-d0581c52d004,low,True,2023-12-29T20:48:46.197209,2.1,fresh,2024-01-01T00:00:00
cfb77a07-51e4-7935-593a-12150949fbac,ws-00431,windows_workstation,Windows 11 22H2,workstation,4d5c6a0b-69be-2083-3b66-0235fc887203,medium,True,2023-12-31T03:06:50.570190,0.9,fresh,2024-01-01T00:00:00
81e76a1b-86a6-e1db-1a41-f2c080e261b0,ws-00432,windows_workstation,Windows 11 22H2,workstation,3a5d0bb3-1093-0089-ca22-571b105c3a16,high,True,2023-12-31T17:44:56.061167,0.3,fresh,2024-01-01T00:00:00
ae039874-2696-47e7-88ae-2aba082cb764,ws-00433,windows_workstation,Windows 11 22H2,workstation,7aae77ab-25df-da16-759a-55da6e34aa99,low,True,2023-12-28T20:18:48.676416,3.2,fresh,2024-01-01T00:00:00
e57ea606-990e-f22c-5892-d59e4c4f2b5e,ws-00434,windows_workstation,Windows 11 22H2,workstation,fe5d94e4-eb6f-c594-adfd-a733ca7259fd,high,True,2023-12-29T22:04:31.765607,2.1,fresh,2024-01-01T00:00:00
6bd49824-48fe-2e56-7073-f08ee8c8dc16,ws-00435,windows_workstation,Windows 11 22H2,workstation,fd550ecd-d99f-b09a-5583-e6b9be97a058,medium,True,2023-12-22T21:32:45.424034,9.1,fresh,2024-01-01T00:00:00
848557a3-e4f4-c307-e464-b02cc86d2234,ws-00436,windows_workstation,Windows 11 22H2,workstation,de721f06-db4f-0e50-cec8-780b0c5f7b9c,low,True,2023-12-29T08:50:34.193092,2.6,fresh,2024-01-01T00:00:00
2e3738b6-78f8-f58b-8ab7-dbaacbec7090,ws-00437,windows_workstation,Windows 11 22H2,workstation,10501217-b15b-90b7-869b-bc49ab66b21f,low,True,2023-12-30T07:53:29.619582,1.7,fresh,2024-01-01T00:00:00
8a292724-4618-6457-a4f1-222eed465de9,ws-00438,windows_workstation,Windows 11 22H2,workstation,a18b1328-7964-0f1a-d096-72ccc68dc1aa,low,False,2023-12-31T07:36:27.862040,999.0,fresh,2024-01-01T00:00:00
c08efcf7-38fb-6541-1ede-32325eed0542,ws-00439,windows_workstation,Windows 11 22H2,workstation,41bbac36-23a6-1bde-013a-43b89125bd41,low,True,2023-12-27T13:58:08.044284,4.4,fresh,2024-01-01T00:00:00
fb9e31c1-4e20-9efb-d2e8-4c64440cc4b1,ws-00440,windows_workstation,Windows 11 22H2,workstation,bf6b0352-9e46-a3bd-f752-ba0e92924e57,high,True,2023-12-30T15:21:11.683827,1.4,fresh,2024-01-01T00:00:00
332251a9-d6ef-8bff-06c1-33613e14c85d,ws-00441,windows_workstation,Windows 11 22H2,workstation,cbab64cb-e60f-99fa-8c8f-d18de2aeb028,low,True,2023-12-28T04:14:31.999118,3.8,fresh,2024-01-01T00:00:00
2e383248-08d9-91de-d073-9dc30c6c2700,ws-00442,windows_workstation,Windows 11 22H2,workstation,91568ab7-c502-9d9a-7326-ab1df6ca0b9b,medium,True,2023-12-29T18:49:39.615111,2.2,fresh,2024-01-01T00:00:00
cdac50ee-c1ea-124d-47cb-81a8f87df69d,ws-00443,windows_workstation,Windows 11 22H2,workstation,055a4565-e7b2-85ad-9ceb-85cc323f2b28,medium,True,2023-12-29T21:41:20.995577,2.1,fresh,2024-01-01T00:00:00
52a7ca5a-38a4-403c-6d55-d7d8ca4ade9f,ws-00444,windows_workstation,Windows 11 22H2,workstation,a68a7a5e-e691-7673-44be-d8b1850fc211,low,True,2023-12-29T18:03:00.872228,2.2,fresh,2024-01-01T00:00:00
2ea81d37-2381-e8f3-2e96-7716ad5b56d8,ws-00445,windows_workstation,Windows 11 22H2,workstation,def7627e-b6e7-59fd-7286-c3530243938d,medium,True,2023-12-25T08:33:36.691708,6.6,fresh,2024-01-01T00:00:00
9b7227a8-1899-9920-84fd-46096ef000f1,ws-00446,windows_workstation,Windows 11 22H2,workstation,94dabd0f-3c53-2889-d897-81d8d47a3eea,high,True,2023-12-28T10:19:27.905210,3.6,fresh,2024-01-01T00:00:00
661a6533-db1f-be81-68c8-7c9293eae9c6,ws-00447,windows_workstation,Windows 11 22H2,workstation,62c69150-64a6-8c59-0e5a-7e9ef499f9e7,high,True,2023-12-31T20:00:13.448522,0.2,fresh,2024-01-01T00:00:00
5e7f4256-bd23-710d-90bc-e84179181c75,ws-00448,windows_workstation,Windows 11 22H2,workstation,3a774890-c3a9-4342-f36d-3ae6ed2eb4ee,low,True,2023-12-31T05:37:08.146474,0.8,fresh,2024-01-01T00:00:00
61c411a4-8379-f9ba-c4d9-8c04bae5d1eb,ws-00449,windows_workstation,Windows 11 22H2,workstation,3b70fee0-2f0b-efbd-cc9b-ca45839fdfe7,medium,True,2023-12-29T22:21:42.339613,2.1,fresh,2024-01-01T00:00:00
ba8952c1-a578-e9bb-33af-3b2a00c0052a,ws-00450,windows_workstation,Windows 11 22H2,workstation,20bfba77-f80e-d023-3854-aef2b23c027d,high,True,2023-12-21T18:23:59.542317,10.2,fresh,2024-01-01T00:00:00
1b127f62-9212-ed7c-9652-646c3d1b2231,ws-00451,windows_workstation,Windows 11 22H2,workstation,ec1107f4-f86e-fc3a-bd8b-651f94a94c56,low,True,2023-12-31T10:20:28.876554,0.6,fresh,2024-01-01T00:00:00
3d1b1ea5-f8d0-97bc-4947-afe589cec8ea,ws-00452,windows_workstation,Windows 11 22H2,workstation,09135c65-f425-c081-2b0c-c2ca6763b45d,low,True,2023-12-29T05:39:54.869551,2.8,fresh,2024-01-01T00:00:00
456cf623-6b1d-36e2-f606-422207d8788f,ws-00453,windows_workstation,Windows 11 22H2,workstation,07d9cf4d-c308-cd7c-edbc-ea443c90baf7,medium,True,2023-12-31T21:36:00,0.1,fresh,2024-01-01T00:00:00
47b9513d-2793-2146-2d50-6c312122968d,ws-00454,windows_workstation,Windows 11 22H2,workstation,a672a718-a81f-4128-9131-587e9bad282d,low,True,2023-12-31T21:09:40.476734,0.1,fresh,2024-01-01T00:00:00
9f7c8fe7-2387-8deb-d0d5-bf62b007c2d9,ws-00455,windows_workstation,Windows 11 22H2,workstation,782f5728-0c30-2a7d-4126-bc2cac31d0c3,medium,True,2023-12-30T22:48:55.931625,1.0,fresh,2024-01-01T00:00:00
260756c4-d54d-dfd0-9584-382f13861f30,ws-00456,windows_workstation,Windows 11 22H2,workstation,28cff9f9-833f-2132-d98e-f7770440299d,medium,True,2023-12-30T17:55:11.123562,1.3,fresh,2024-01-01T00:00:00
7bf38fe7-02b1-59b6-32bf-d6bf8f60ce7f,ws-00457,windows_workstation,Windows 11 22H2,workstation,2b069515-08b3-4477-1b71-c81ada02bf09,medium,False,2023-12-31T03:49:51.048836,999.0,fresh,2024-01-01T00:00:00
b168e8ce-ae01-3d88-5c1d-7c9bbaa8ed66,ws-00458,windows_workstation,Windows 11 22H2,workstation,1729aace-267c-caf3-512e-94e48ef91990,low,True,2023-12-30T19:39:46.420420,1.2,fresh,2024-01-01T00:00:00
bdc100b6-a67d-21d2-ca7f-7d6110482027,ws-00459,windows_workstation,Windows 11 22H2,workstation,bbb48579-60ca-eff5-d139-f59c9f4bce03,low,True,2023-12-31T02:16:58.115074,0.9,fresh,2024-01-01T00:00:00
942c8363-58c9-d2aa-746a-6e9c5c5d7fe4,ws-00460,windows_workstation,Windows 11 22H2,workstation,908b247d-0157-f042-7d7d-de82d2bb257d,critical,True,2023-11-30T20:14:07.596858,31.156856517850418,fresh,2024-01-01T00:00:00
675013fe-e902-b3d9-c261-c4a5cf125d4d,ws-00461,windows_workstation,Windows 11 22H2,workstation,f0178fff-90db-7b54-a834-7903eaab223b,low,False,2023-12-31T00:36:34.411729,999.0,fresh,2024-01-01T00:00:00
a86fbdeb-528e-5700-4458-d7e37cd2ffe0,ws-00462,windows_workstation,Windows 11 22H2,workstation,01eb8fcf-1bf4-b22b-bf1e-9b367f4f6827,high,True,2023-12-30T05:23:24.419570,1.8,fresh,2024-01-01T00:00:00
e2ce29e5-5900-e1cf-b1d8-d6bfaf1a1121,ws-00463,windows_workstation,Windows 11 22H2,workstation,8dd69274-c273-fb2d-2cab-a77aa8e85b25,low,True,2023-12-30T15:16:55.537810,1.4,fresh,2024-01-01T00:00:00
3c6fb060-33eb-d78d-f6df-275d7a861375,ws-00464,windows_workstation,Windows 11 22H2,workstation,3df6f8d3-48b4-a5ef-3039-a7d2a6c579d3,high,True,2023-12-31T13:13:32.011892,0.4,fresh,2024-01-01T00:00:00
2df27849-812b-a8d4-e3a9-6165c117cb8d,ws-00465,windows_workstation,Windows 11 22H2,workstation,6ebecee0-81a9-7fe8-f665-6dd836286a38,high,True,2023-12-30T08:50:51.693770,1.6,fresh,2024-01-01T00:00:00
c1f5d8a6-7e05-cf6b-d90b-f22403b6b37f,ws-00466,windows_workstation,Windows 11 22H2,workstation,f470b33d-ccc4-a642-3f30-5a1f68da745e,high,True,2023-12-27T21:46:08.678203,4.1,fresh,2024-01-01T00:00:00
06254bfc-0338-dde7-3a4a-55abd2488182,ws-00467,windows_workstation,Windows 11 22H2,workstation,7c76ddab-022c-a59c-bb31-bcb277bae49c,low,True,2023-12-31T21:36:00,0.1,fresh,2024-01-01T00:00:00
f7a8f3a9-1e1e-c370-7631-4b2554634f06,ws-00468,windows_workstation,Windows 11 22H2,workstation,023c126e-8c78-2b60-6f57-988adf58ae5f,low,True,2023-12-28T02:33:18.255580,3.9,fresh,2024-01-01T00:00:00
51e3faa8-b552-5604-3702-8aa25e2a2bc8,ws-00469,windows_workstation,Windows 11 22H2,workstation,53afc593-1266-4a83-3bc8-0d3b3b5532da,high,True,2023-12-29T15:10:23.041814,2.4,fresh,2024-01-01T00:00:00
8a61fb42-72d6-18e6-bed0-1406c1647a21,ws-00470,windows_workstation,Windows 11 22H2,workstation,883a42e5-61b8-f69c-2c66-ce0c61d5e02f,medium,True,2023-12-31T17:52:18.244632,0.3,fresh,2024-01-01T00:00:00
82eb4ab6-6213-c967-fac4-e9630596f735,ws-00471,windows_workstation,Windows 11 22H2,workstation,4c0beb5b-1f48-045e-7f7f-6a04bc8a0eb8,high,True,2023-12-28T07:18:37.818558,3.7,fresh,2024-01-01T00:00:00
7b746a3d-1060-73f3-473f-912bf8a0038c,ws-00472,windows_workstation,Windows 11 22H2,workstation,e84fc23b-1858-b041-17fd-f18aa6deaa5d,low,True,2023-12-28T09:50:10.206525,3.6,fresh,2024-01-01T00:00:00
50bba6c7-3302-2d75-0009-8f3fc2379dfc,ws-00473,windows_workstation,Windows 11 22H2,workstation,7f6ecc13-11a7-0f24-2c2a-8e6716402b02,medium,True,2023-12-31T06:23:13.786124,0.7,fresh,2024-01-01T00:00:00
e214a609-a353-0902-a79c-968489744af2,ws-00474,windows_workstation,Windows 11 22H2,workstation,ee452292-c64d-6764-4f5f-98f75ef831f9,medium,True,2023-12-29T03:16:52.623936,2.9,fresh,2024-01-01T00:00:00
5ceb0d72-2a05-1c2d-f031-8494a669be39,ws-00475,windows_workstation,Windows 11 22H2,workstation,da811bcc-a9a1-dc43-a7c1-c72c0c1539c1,critical,True,2023-12-27T08:57:47.905893,4.6,fresh,2024-01-01T00:00:00
c8fd538e-2c5f-e682-4be3-51fd94785a6e,ws-00476,windows_workstation,Windows 11 22H2,workstation,e77619c6-edff-5223-ea6f-5064b2de65fb,low,True,2023-12-30T10:52:28.029459,1.5,fresh,2024-01-01T00:00:00
0f6f97fe-54b3-4e52-2060-18f3c18c4c28,ws-00477,windows_workstation,Windows 11 22H2,workstation,2b167a59-6107-1373-968a-477192e5eee9,high,True,2023-12-31T16:11:12.551797,0.3,fresh,2024-01-01T00:00:00
c9e65d7c-f651-a362-ebd7-b13da3c73ad7,ws-00478,windows_workstation,Windows 11 22H2,workstation,2bd7cbbd-cdfc-0def-11b1-a53ec302b3b7,critical,True,2023-12-25T18:20:08.447305,6.2,fresh,2024-01-01T00:00:00
ec8e7322-a8fa-6d06-6c5d-9025b743ef48,ws-00479,windows_workstation,Windows 11 22H2,workstation,d925ca8c-9873-195f-828e-266a03a99617,medium,True,2023-12-30T18:07:40.841116,1.2,fresh,2024-01-01T00:00:00
16d6baf7-bc71-cee3-7d5a-d5dba798e821,ws-00480,windows_workstation,Windows 11 22H2,workstation,0a3e2346-9dd9-8dd9-550e-c8741cb0aa81,low,True,2023-12-31T20:44:19.504098,0.1,fresh,2024-01-01T00:00:00
0619ce66-bce2-417c-b2a3-677d4bac93af,ws-00481,windows_workstation,Windows 11 22H2,workstation,042ed7c9-7bdb-d959-057c-42780c8f77e1,high,True,2023-12-31T21:36:00,0.1,fresh,2024-01-01T00:00:00
b36ed410-08e4-8116-8a1a-1b30683a9a3f,ws-00482,windows_workstation,Windows 11 22H2,workstation,7eceb5dc-1863-f6c8-e3c7-663e92fb91bb,low,True,2023-12-30T05:16:09.137958,1.8,fresh,2024-01-01T00:00:00
522aebd8-65b6-e7dd-95bf-42d899d557d3,ws-00483,windows_workstation,Windows 11 22H2,workstation,da922c32-8725-4b83-3c85-deb6bc398b14,low,True,2023-12-30T17:47:38.509539,1.3,fresh,2024-01-01T00:00:00
354b1b3b-267d-88d9-ad59-70d8793d8733,ws-00484,windows_workstation,Windows 11 22H2,workstation,976479e5-248f-3569-e496-7acdac6881bc,medium,True,2023-12-27T17:53:48.189928,4.3,fresh,2024-01-01T00:00:00
09045858-2cbb-be51-3673-6140100e0d49,ws-00485,windows_workstation,Windows 11 22H2,workstation,b6daac35-5d4d-4714-539e-89af5e88f24b,low,True,2023-12-27T20:30:48.562736,4.1,fresh,2024-01-01T00:00:00
91475e65-30aa-cb76-44d3-498233c1c3af,ws-00486,windows_workstation,Windows 11 22H2,workstation,506f4b89-2525-9f4b-6838-7b7cb9a2f1bf,medium,True,2023-12-29T07:09:37.949741,2.7,fresh,2024-01-01T00:00:00
3102cbf2-262a-0663-31cf-fb3ee11ba90b,ws-00487,windows_workstation,Windows 11 22H2,workstation,8d510f90-43f0-586f-1692-5382bf5bfaff,medium,False,2023-12-26T09:33:38.746832,999.0,fresh,2024-01-01T00:00:00
613885a6-a4f4-9be3-2c61-5e3cacd82537,ws-00488,windows_workstation,Windows 11 22H2,workstation,f9af6245-affc-8363-6dcc-403b81730069,low,True,2023-12-30T10:48:37.693492,1.5,fresh,2024-01-01T00:00:00
e3389209-ea34-7bc3-dae9-c278b380c5dc,ws-00489,windows_workstation,Windows 11 22H2,workstation,8f6ea393-d481-5554-c13f-fb57b56cc448,medium,True,2023-12-30T03:04:14.140428,1.9,fresh,2024-01-01T00:00:00
b9db563d-17ce-1580-e32b-0a52d088182f,ws-00490,windows_workstation,Windows 11 22H2,workstation,686a40c5-6f27-169d-1803-77439ccb524b,low,True,2023-12-30T15:41:45.867372,1.3,fresh,2024-01-01T00:00:00
cca66e96-9e78-b20e-7aa8-997e4431b10a,ws-00491,windows_workstation,Windows 11 22H2,workstation,4a6570b0-52f9-5a2a-3f8f-bfbc34dff8ac,medium,True,2023-12-31T03:27:23.871033,0.9,fresh,2024-01-01T00:00:00
65f51914-716d-bcc2-3fd6-5c2ef3e59490,ws-00492,windows_workstation,Windows 11 22H2,workstation,2a0dde55-8693-8f97-894a-1a8884b9dff2,high,True,2023-12-26T22:24:32.866466,5.1,fresh,2024-01-01T00:00:00
c3a2f289-5c7d-f176-9a86-26c1116a51d9,ws-00493,windows_workstation,Windows 11 22H2,workstation,56ab8426-17e8-e3c5-e99b-d0c1d298db5c,medium,True,2023-12-31T21:36:00,0.1,fresh,2024-01-01T00:00:00
d0074cf9-7c81-dff2-dc16-4be31bc7e7c2,ws-00494,windows_workstation,Windows 11 22H2,workstation,57cf39c1-879e-1568-a023-d6ae559ed239,medium,True,2023-12-27T06:13:02.335428,4.7,fresh,2024-01-01T00:00:00
4ae1db8a-6c91-7931-9c68-e3143c0a9798,ws-00495,windows_workstation,Windows 11 22H2,workstation,c5591b5c-6849-33eb-9347-a4ad80519782,critical,True,2023-12-31T01:52:56.668309,0.9,fresh,2024-01-01T00:00:00
90eaaf18-3fdb-d94e-cdd3-89e6a9952263,ws-00496,windows_workstation,Windows 11 22H2,workstation,47112bfd-901c-34a1-30f4-9dd489bbba0e,low,True,2023-12-31T13:05:12.329544,0.5,fresh,2024-01-01T00:00:00
5046f482-463d-d988-3900-06bfda9617a3,ws-00497,windows_workstation,Windows 11 22H2,workstation,61b7ae14-d081-3ce0-9abe-7ad24ffc6fca,low,True,2023-12-31T19:58:09.745845,0.2,fresh,2024-01-01T00:00:00
4a90896b-344a-44b0-4409-23c3f4b04512,ws-00498,windows_workstation,Windows 11 22H2,workstation,a148dae9-f9d5-dac1-0c34-b57f9a777cb3,low,False,2023-12-23T12:28:01.690827,999.0,fresh,2024-01-01T00:00:00
7e890af4-e262-2ab8-c0d7-5d78509bdd7f,ws-00499,windows_workstation,Windows 11 22H2,workstation,fb20f1b7-f0ef-5e85-f5f3-71edf4a92169,low,True,2023-12-30T15:25:24.036892,1.4,fresh,2024-01-01T00:00:00
75749180-4486-aa87-1d81-92e54582d18e,ws-00500,windows_workstation,Windows 11 22H2,workstation,b9c000e5-7140-ea46-2151-5986ee2a16a8,low,True,2023-12-30T23:37:36.171279,1.0,fresh,2024-01-01T00:00:00
90893cb4-067f-17a5-8a1d-716151ada4f4,ws-00501,windows_workstation,Windows 11 22H2,workstation,3cb7fdfc-86f9-350c-e1c1-16f93c87b395,medium,True,2023-12-31T16:19:20.956577,0.3,fresh,2024-01-01T00:00:00
9484bb3d-fd39-5bea-1e51-69e9154cded0,ws-00502,windows_workstation,Windows 11 22H2,workstation,7bff78f5-f2bf-f694-9108-f09dc1c4625d,low,True,2023-12-25T20:01:29.843232,6.2,fresh,2024-01-01T00:00:00
18b10a22-c2de-2d6e-c923-a6362d59553f,ws-00503,windows_workstation,Windows 11 22H2,workstation,1489a8d6-7bb7-8c64-1eed-27951de388d7,medium,True,2023-12-30T23:26:44.403656,1.0,fresh,2024-01-01T00:00:00
7209ada2-924e-3770-46dd-91a47766520b,ws-00504,windows_workstation,Windows 11 22H2,workstation,fe9de4ad-42b9-e74c-8e88-8f12c600f694,medium,True,2023-12-31T15:27:00.822137,0.4,fresh,2024-01-01T00:00:00
e3cf6164-f93c-d3d7-7630-766b82599049,ws-00505,windows_workstation,Windows 11 22H2,workstation,2d15933a-8a28-87c2-5339-02653a327e40,medium,True,2023-12-26T19:38:45.658302,5.2,fresh,2024-01-01T00:00:00
0acdf99c-caad-cb56-5a6c-c0b6506564f8,ws-00506,windows_workstation,Windows 11 22H2,workstation,172d7bf5-4204-ddca-e0e9-a276a86bb2bb,medium,True,2023-12-29T19:44:30.499782,2.2,fresh,2024-01-01T00:00:00
eb2881a2-2422-c085-95f7-dbcff1222236,ws-00507,windows_workstation,Windows 11 22H2,workstation,909b5786-c76a-3274-3aa4-e3acbc8ed534,high,True,2023-12-31T11:14:13.537920,0.5,fresh,2024-01-01T00:00:00
a43d0736-a1c8-3224-15b3-f613d9c4ae94,ws-00508,windows_workstation,Windows 11 22H2,workstation,df295888-7e78-6a92-bc57-51d26ceca77f,critical,True,2023-12-31T21:21:11.578445,0.1,fresh,2024-01-01T00:00:00
db8096cd-f525-ee62-3b45-de693967d739,ws-00509,windows_workstation,Windows 11 22H2,workstation,c9eae579-e5b2-f4fb-3677-c3e9daa608d4,medium,True,2023-12-31T08:46:57.285139,0.6,fresh,2024-01-01T00:00:00
a705463e-4e13-768d-8505-350aa6491537,ws-00510,windows_workstation,Windows 11 22H2,workstation,eba84c1d-f610-12b2-6f7d-6500df835a14,high,True,2023-12-29T19:23:38.481701,2.2,fresh,2024-01-01T00:00:00
a5afa505-ee7f-03db-1453-e3a38a39365e,ws-00511,windows_workstation,Windows 11 22H2,workstation,0003baec-a7f1-8cc6-8c99-2a212a131ddb,medium,True,2023-12-30T06:13:58.192523,1.7,fresh,2024-01-01T00:00:00
b32e393c-f11e-b3a7-fa0c-9f8474eecdb7,ws-00512,windows_workstation,Windows 11 22H2,workstation,d4a151b5-6b62-493f-7c49-d49264025bb8,low,True,2023-12-31T19:47:26.888694,0.2,fresh,2024-01-01T00:00:00
047bd725-5243-a3b2-2222-2678fd41b386,ws-00513,windows_workstation,Windows 11 22H2,workstation,7a550f70-0798-c240-c03b-077bcad6298b,high,True,2023-12-31T17:01:12.686402,0.3,fresh,2024-01-01T00:00:00
18f91061-507e-04e7-0655-42ae4c7f3193,ws-00514,windows_workstation,Windows 11 22H2,workstation,4fbecf16-e25f-96ee-5ccd-8eaaf5f47700,high,True,2023-12-30T11:52:39.800412,1.5,fresh,2024-01-01T00:00:00
c6721f42-61a2-a56a-9423-90837c13da8e,ws-00515,windows_workstation,Windows 11 22H2,workstation,3784d0b3-c584-efa4-74c0-2c5eea72b543,low,True,2023-12-22T05:14:54.227432,9.8,fresh,2024-01-01T00:00:00
aa3dd103-5063-6f4f-72e2-8bde652316bd,ws-00516,windows_workstation,Windows 11 22H2,workstation,aa41bacb-b74e-0117-f72f-b467bcdc21ee,medium,True,2023-12-31T18:32:43.934580,0.2,fresh,2024-01-01T00:00:00
b6a08c03-5a64-d1c7-9914-a5877d6174a4,ws-00517,windows_workstation,Windows 11 22H2,workstation,82d6a542-375c-41d3-3fd8-ac7d59484ed2,critical,True,2023-12-28T21:41:50.311649,3.1,fresh,2024-01-01T00:00:00
04ab19d4-f9a6-7cad-75c9-ddaaf0a8907e,ws-00518,windows_workstation,Windows 11 22H2,workstation,5cf24bed-dbc5-9f41-29b6-35f1f201d5fc,medium,True,2023-12-27T11:00:28.815731,4.5,fresh,2024-01-01T00:00:00
f6b6ff3b-8f67-3ec3-1127-4f1b8e3bcfe9,ws-00519,windows_workstation,Windows 11 22H2,workstation,500a0c8e-ff30-9f86-69d3-c25033ee4496,critical,True,2023-11-18T23:32:24.158561,43.01916483146946,fresh,2024-01-01T00:00:00
1d1e6b9a-ea1f-30fb-e50a-eef22922a3c6,ws-00520,windows_workstation,Windows 11 22H2,workstation,0c0b7112-6603-4199-7520-b540b2d63a96,low,True,2023-12-28T04:08:13.205621,3.8,fresh,2024-01-01T00:00:00
893d1be4-45a5-06dc-dae0-1c9c8ab93e9b,ws-00521,windows_workstation,Windows 11 22H2,workstation,137dce50-b0b1-b1fa-92a4-c28f3f904789,critical,True,2023-12-28T04:27:39.425547,3.8,fresh,2024-01-01T00:00:00
89706528-1c2e-47a9-734a-82362d8a2556,ws-00522,windows_workstation,Windows 11 22H2,workstation,0a59357f-fbc8-d20a-a8e5-9f0d3bc77678,low,True,2023-12-27T23:12:49.042783,4.0,fresh,2024-01-01T00:00:00
3cc53e6d-2054-d215-e4c2-8c5fe3a25a68,ws-00523,windows_workstation,Windows 11 22H2,workstation,c309869a-0486-020b-5462-5e44e5fc9d6c,low,True,2023-12-28T15:59:17.886357,3.3,fresh,2024-01-01T00:00:00
54551efc-1e68-100a-6b0f-b028ad1cee0d,ws-00524,windows_workstation,Windows 11 22H2,workstation,234d0da4-60f8-5bb2-d471-6860e65e73d9,high,True,2023-12-31T21:36:00,0.1,fresh,2024-01-01T00:00:00
706d9b18-68f1-a612-1991-b9cfac954775,ws-00525,windows_workstation,Windows 11 22H2,workstation,2f735c92-b346-eefe-89ea-ab42f8477805,low,True,2023-12-29T02:43:51.397744,2.9,fresh,2024-01-01T00:00:00
f99d9374-2ad7-1e93-72c3-0021ec69e685,ws-00526,windows_workstation,Windows 11 22H2,workstation,2273d761-b46e-64d4-a4df-77039ec0701a,medium,True,2023-12-30T12:46:17.938434,1.5,fresh,2024-01-01T00:00:00
abe13b9c-0dd4-43be-1441-7b63f6ea4afd,ws-00527,windows_workstation,Windows 11 22H2,workstation,2d7df7e5-f2c5-ecc2-6aa4-34380e080b1d,critical,True,2023-12-31T15:52:22.601169,0.3,fresh,2024-01-01T00:00:00
ba57131e-647b-233f-c07d-f5d8c78c966f,ws-00528,windows_workstation,Windows 11 22H2,workstation,06c0e63b-f1d4-242c-ec33-ba3cb7bd2081,low,True,2023-12-31T18:47:39.785543,0.2,fresh,2024-01-01T00:00:00
f8995eed-1cd3-bb1f-bdf2-849e95cb9e8d,ws-00529,windows_workstation,Windows 11 22H2,workstation,0b307123-bcf6-77ab-8261-825f6fe7cf7a,medium,True,2023-12-26T08:52:48.801082,5.6,fresh,2024-01-01T00:00:00
76a6d7a6-242d-283d-c6fc-d0606b0a7665,ws-00530,windows_workstation,Windows 11 22H2,workstation,798301a7-3b1c-a37d-b80a-55cbb86a9b7c,low,True,2023-12-28T17:47:25.793015,3.3,fresh,2024-01-01T00:00:00
cd52d017-8ab4-bbd9-99e1-4f8941032e7a,ws-00531,windows_workstation,Windows 11 22H2,workstation,c0151023-3f41-5f29-1e67-8dcb9eeb55d9,high,True,2023-12-30T00:06:00.092939,2.0,fresh,2024-01-01T00:00:00
23fcda92-7a23-6499-5c40-e18258a248b5,ws-00532,windows_workstation,Windows 11 22H2,workstation,48815e50-ddef-9490-f24c-f4d9223ebc7b,medium,True,2023-12-29T22:03:32.335318,2.1,fresh,2024-01-01T00:00:00
87458f75-70cb-e1f2-4f66-e43aa8762122,ws-00533,windows_workstation,Windows 11 22H2,workstation,f66adefe-028d-7c7e-09c0-6caaef49667a,medium,True,2023-12-31T20:42:03.048950,0.1,fresh,2024-01-01T00:00:00
743f1712-3526-d25c-bf52-4450047856b1,ws-00534,windows_workstation,Windows 11 22H2,workstation,fd5411b0-b868-36ce-ff5c-7a2a32c3a670,low,True,2023-12-29T17:04:15.143360,2.3,fresh,2024-01-01T00:00:00
a51fa02d-10c5-19e6-42bc-6bfa727b123d,ws-00535,windows_workstation,Windows 11 22H2,workstation,9bb082ab-185c-b24a-9416-fdf387038525,low,True,2023-12-29T19:05:55.504391,2.2,fresh,2024-01-01T00:00:00
4b3da4e6-3ddb-71fd-cfd4-ec2d5d4ae5ba,ws-00536,windows_workstation,Windows 11 22H2,workstation,35f27dd9-855b-2bab-329b-74a2c98aace4,high,True,2023-12-28T05:41:23.644198,3.8,fresh,2024-01-01T00:00:00
e90cb3f1-bdc3-d61b-977f-e1da02608b39,ws-00537,windows_workstation,Windows 11 22H2,workstation,07ee05fb-0f6c-eac7-c3b9-3d475e1e8bfd,medium,True,2023-12-31T06:28:46.130414,0.7,fresh,2024-01-01T00:00:00
49388f28-6e2e-d8cd-43c3-359da4cd204c,ws-00538,windows_workstation,Windows 11 22H2,workstation,346c9c50-5362-4ff5-e80c-f70334022caa,high,True,2023-12-30T03:05:37.560136,1.9,fresh,2024-01-01T00:00:00
daf680b5-dc14-814f-58ae-fc72ab8b80d8,ws-00539,windows_workstation,Windows 11 22H2,workstation,bde4795a-d35f-44f3-5b74-deaf606709dc,high,True,2023-12-31T15:06:14.798623,0.4,fresh,2024-01-01T00:00:00
c2a66016-d24c-7dac-4766-ae68b62814d8,ws-00540,windows_workstation,Windows 11 22H2,workstation,ae5bdfc3-83e5-aa0e-8125-7ef06509d606,critical,False,2023-12-30T17:35:25.916977,999.0,fresh,2024-01-01T00:00:00
0cf9212a-3289-98f3-eacc-b041660d8db8,ws-00541,windows_workstation,Windows 11 22H2,workstation,cbd8236f-67a6-4372-05be-4c0bd91e7347,medium,True,2023-12-30T23:34:50.662651,1.0,fresh,2024-01-01T00:00:00
5517620d-1c3d-9fdd-a55f-c6b843474c71,ws-00542,windows_workstation,Windows 11 22H2,workstation,e32bae55-4ed3-c3fd-4d62-2c84081c7e04,high,False,2023-12-31T08:14:15.453543,999.0,fresh,2024-01-01T00:00:00
df636907-0d9c-015c-37bf-f774a54bcac5,ws-00543,windows_workstation,Windows 11 22H2,workstation,8e0c565a-2bb9-f98c-9768-e1f33ae4d834,medium,True,2023-12-30T05:10:47.192062,1.8,fresh,2024-01-01T00:00:00
e545eeea-b581-65c6-1b29-718d0de28656,ws-00544,windows_workstation,Windows 11 22H2,workstation,9b25af23-5664-bade-ce4d-be42dd241e29,critical,True,2023-12-29T22:03:09.894004,2.1,fresh,2024-01-01T00:00:00
1e591a8b-bd4e-36e8-3da9-d79e07dce206,ws-00545,windows_workstation,Windows 11 22H2,workstation,1b420804-dcd8-1906-1aa9-01bd158127d9,medium,True,2023-12-30T00:37:54.871687,2.0,fresh,2024-01-01T00:00:00
6c8c701a-cd24-5e96-2b46-e4cd3c13952d,ws-00546,windows_workstation,Windows 11 22H2,workstation,3845161a-3782-2622-75b9-a529a6ae08e3,low,True,2023-12-30T00:49:31.886416,2.0,fresh,2024-01-01T00:00:00
b274ac4b-a1d5-5786-883a-e4f03ec3f81a,ws-00547,windows_workstation,Windows 11 22H2,workstation,5ac58bbc-2134-ba2f-50c3-700f78fc38ee,low,True,2023-12-30T15:16:38.755919,1.4,fresh,2024-01-01T00:00:00
309fb761-8ca2-7c89-e201-48a3b4bb0712,ws-00548,windows_workstation,Windows 11 22H2,workstation,a1ae1b3d-6305-a9b8-07ab-99004c8fddbe,medium,True,2023-12-30T00:04:36.402544,2.0,fresh,2024-01-01T00:00:00
53e25c38-a346-18a5-de3b-0f5f3d0a27f6,ws-00549,windows_workstation,Windows 11 22H2,workstation,60b5a06b-b365-1f99-16a8-774103324f65,medium,True,2023-12-27T01:16:38.088878,4.9,fresh,2024-01-01T00:00:00
1b918a37-d560-6d99-65d8-175c5acbc743,ws-00550,windows_workstation,Windows 11 22H2,workstation,54d020ee-dab8-f46e-8f17-fc9530f9397d,medium,True,2023-12-30T21:31:57.625018,1.1,fresh,2024-01-01T00:00:00
5eca394c-2deb-2eb7-ff94-1f06f63ff5a0,ws-00551,windows_workstation,Windows 11 22H2,workstation,d79be2d8-cfde-b445-3ad5-d91c49120151,low,True,2023-12-31T09:35:59.717246,0.6,fresh,2024-01-01T00:00:00
74e0c40b-dd02-f7cb-80b9-1ddfb89acc8b,ws-00552,windows_workstation,Windows 11 22H2,workstation,8d10e955-b06e-e586-76e6-77d7883650fc,medium,True,2023-12-31T09:41:41.144143,0.6,fresh,2024-01-01T00:00:00
24800e55-6ca4-741b-da72-b82198a615a7,ws-00553,windows_workstation,Windows 11 22H2,workstation,14580991-b2ca-feea-8bb7-9baf1484381f,medium,True,2023-12-31T14:09:14.284969,0.4,fresh,2024-01-01T00:00:00
34cc994d-3b92-11bd-f8c5-a36918a416cb,ws-00554,windows_workstation,Windows 11 22H2,workstation,9120852a-4cb2-2c84-056c-4997a48778e4,low,True,2023-12-28T18:33:06.930906,3.2,fresh,2024-01-01T00:00:00
364eac35-ed3f-cfd4-b8b3-dbaf53dbdde9,ws-00555,windows_workstation,Windows 11 22H2,workstation,1f2a8327-acdf-5fef-3ea2-595e302f4ff7,low,True,2023-12-29T07:00:06.839685,2.7,fresh,2024-01-01T00:00:00
87d30c17-8039-12d0-f76e-550daca23311,ws-00556,windows_workstation,Windows 11 22H2,workstation,fbae3b24-d26e-958b-5e60-76a79af253a0,low,True,2023-12-31T05:58:05.321798,0.8,fresh,2024-01-01T00:00:00
b2f86e1d-6282-b00f-d504-311447b7eb50,ws-00557,windows_workstation,Windows 11 22H2,workstation,e4fe1a67-a3fe-90c5-b9f3-460b47df14de,high,True,2023-12-30T22:09:37.879601,1.1,fresh,2024-01-01T00:00:00
bd803651-7db9-96ff-c8c8-9f0fa3121074,ws-00558,windows_workstation,Windows 11 22H2,workstation,e6ade542-0d06-da15-87b8-5599f8894fcc,medium,True,2023-12-29T13:28:43.186017,2.4,fresh,2024-01-01T00:00:00
268a29fc-03fc-750c-8e48-a24b4182c243,ws-00559,windows_workstation,Windows 11 22H2,workstation,2ee621aa-8cb1-3dbf-5d2f-cb77b07ba969,critical,True,2023-12-29T17:33:34.456750,2.3,fresh,2024-01-01T00:00:00
acdc5fb9-69a7-a2b6-0578-92584c948fd5,ws-00560,windows_workstation,Windows 11 22H2,workstation,5758ec26-d097-ac05-9c57-0201cbfba63e,medium,True,2023-12-26T00:02:18.572547,6.0,fresh,2024-01-01T00:00:00
2fc586e5-bcc0-880e-21fe-853386d8b132,ws-00561,windows_workstation,Windows 11 22H2,workstation,eaafb454-34a9-3a38-70e6-a0b08f989fe2,medium,True,2023-12-29T12:05:06.224586,2.5,fresh,2024-01-01T00:00:00
4c11420c-ca83-3da0-84e4-1020bf4d4e4b,ws-00562,windows_workstation,Windows 11 22H2,workstation,63d9bde7-591a-1920-8b69-26c09ebe35eb,high,True,2023-12-26T18:47:00.331724,5.2,fresh,2024-01-01T00:00:00
add91f69-5c2e-d611-a240-878be90c9bff,ws-00563,windows_workstation,Windows 11 22H2,workstation,5b9c6c12-98fd-7864-d49a-f13776c2ab36,high,True,2023-12-29T18:27:17.151186,2.2,fresh,2024-01-01T00:00:00
44d1e4fa-db9d-571f-fc29-5eb84635a24e,ws-00564,windows_workstation,Windows 11 22H2,workstation,4e320f1a-7e24-b098-3a44-272de2dd886b,critical,True,2023-12-26T14:29:49.097675,5.4,fresh,2024-01-01T00:00:00
a4344be8-d483-7d20-eef3-7bd1008ec0bb,ws-00565,windows_workstation,Windows 11 22H2,workstation,f33f9726-272c-121f-9981-d02bf2d154b7,high,True,2023-12-25T15:33:58.388575,6.4,fresh,2024-01-01T00:00:00
fb6e10b1-4316-61fa-0076-31380957563d,ws-00566,windows_workstation,Windows 11 22H2,workstation,5d4ea9b7-22b4-e713-aa0b-700d23144251,high,True,2023-12-30T17:42:40.241035,1.3,fresh,2024-01-01T00:00:00
021e23fd-ae50-d551-c3bb-95bd54bacffc,ws-00567,windows_workstation,Windows 11 22H2,workstation,b83b9782-ccf9-bad0-1711-4fcabc2859b2,medium,True,2023-12-16T19:47:24.264445,15.2,fresh,2024-01-01T00:00:00
046cc821-e0e2-2074-2b07-46ce5fac21ae,ws-00568,windows_workstation,Windows 11 22H2,workstation,20704e43-0ca5-09c5-c361-b07ca5b252dc,medium,True,2023-12-31T06:50:15.242645,0.7,fresh,2024-01-01T00:00:00
eebc9f6f-8df7-8fcd-ad9a-f55ed5cddf8f,ws-00569,windows_workstation,Windows 11 22H2,workstation,d3c4ada6-55bf-0f9c-6c0a-a856cce0e5c7,low,True,2023-12-27T04:58:50.918873,4.8,fresh,2024-01-01T00:00:00
c68727a0-fd0f-7e9d-2f5c-464f2edd0d78,ws-00570,windows_workstation,Windows 11 22H2,workstation,e658f0ff-7757-133e-5582-a430658cb3e4,medium,True,2023-12-31T06:36:18.985302,0.7,fresh,2024-01-01T00:00:00
f7d4a7e8-8d93-2bd8-3ca4-2e8346f38175,ws-00571,windows_workstation,Windows 11 22H2,workstation,fa358a54-101c-91ea-a925-169387be1949,low,True,2023-12-31T19:28:26.402451,0.2,fresh,2024-01-01T00:00:00
41a58ace-8a78-c2c6-6b77-c0de1dee2ab5,ws-00572,windows_workstation,Windows 11 22H2,workstation,12567f0e-40d0-6e0e-ccd5-3f2e04c83792,low,True,2023-12-30T13:01:17.463242,1.5,fresh,2024-01-01T00:00:00
8c33f68e-1e3f-11e3-e8f0-92e0aaf4a3ad,ws-00573,windows_workstation,Windows 11 22H2,workstation,1286c174-4611-8cd0-c1f7-92f69a44fcd6,low,True,2023-12-31T13:24:45.766668,0.4,fresh,2024-01-01T00:00:00
4a69bf0a-f434-a449-29d4-a354ef6b6475,ws-00574,windows_workstation,Windows 11 22H2,workstation,46c42301-af54-46af-9b62-38182bbd1c98,critical,True,2023-12-31T04:59:35.576325,0.8,fresh,2024-01-01T00:00:00
785445e4-33d8-f663-31b8-75da91bc0c4d,ws-00575,windows_workstation,Windows 11 22H2,workstation,17c538be-f3ec-328e-33a2-24ea7b772b7f,medium,True,2023-12-27T07:48:20.523799,4.7,fresh,2024-01-01T00:00:00
b9155e0c-0e10-2183-d9df-796140b6c3d6,ws-00576,windows_workstation,Windows 11 22H2,workstation,f3420273-4b7d-c97d-9ca5-98d3529d35ad,high,True,2023-12-31T21:36:00,0.1,fresh,2024-01-01T00:00:00
c7dc67f5-b7ee-db98-6efa-103f243688f7,ws-00577,windows_workstation,Windows 11 22H2,workstation,588902fd-9037-3c13-6542-1657f8aff215,medium,True,2023-12-31T20:31:08.893259,0.1,fresh,2024-01-01T00:00:00
9a8a3ab4-b643-61a0-9d53-76954a51de60,ws-00578,windows_workstation,Windows 11 22H2,workstation,4901dcd4-2e4f-941a-055b-f5d46286c536,medium,True,2023-12-31T00:16:36.129661,1.0,fresh,2024-01-01T00:00:00
9279177b-9ce3-df06-5ed7-ea48cec3f48b,ws-00579,windows_workstation,Windows 11 22H2,workstation,6a8fd58b-aa55-58f7-cd0d-3b2fb0c72d26,low,False,2023-12-31T15:58:53.740753,999.0,fresh,2024-01-01T00:00:00
13858d68-00bf-7b9c-0057-c35a917b5f32,ws-00580,windows_workstation,Windows 11 22H2,workstation,452cd6eb-e7be-c1cf-12e2-e6d21e15dc81,high,False,2023-12-30T14:54:11.741627,999.0,fresh,2024-01-01T00:00:00
e7def7a3-475e-c6d2-b476-521f6c25eb05,ws-00581,windows_workstation,Windows 11 22H2,workstation,43112acd-b0d7-68b8-57a3-68309c0c4f26,low,True,2023-12-17T08:14:17.597451,14.7,fresh,2024-01-01T00:00:00
00e627fe-8ea8-6b79-5f59-1dd3cde62fb0,ws-00582,windows_workstation,Windows 11 22H2,workstation,25da2452-356a-8f8a-aab6-b66d9587a08f,high,True,2023-12-25T03:23:26.962898,6.9,fresh,2024-01-01T00:00:00
6be90d26-5c9c-285d-90b0-ae81ab873d3e,ws-00583,windows_workstation,Windows 11 22H2,workstation,7669ea24-d08c-434b-045f-ed15e2f9a4a5,medium,True,2023-12-28T23:40:42.065956,3.0,fresh,2024-01-01T00:00:00
40e35b09-d1cd-e003-65b3-eb077fdd2255,ws-00584,windows_workstation,Windows 11 22H2,workstation,0b50d2b2-cf23-e229-c6df-e157ef771465,medium,True,2023-12-31T08:16:14.083466,0.7,fresh,2024-01-01T00:00:00
bd892e79-622c-4f0d-fb88-ee6cee7d96b1,ws-00585,windows_workstation,Windows 11 22H2,workstation,8b18edbe-0bc5-ca1c-ba60-571cc77ad08f,low,False,2023-12-31T16:09:47.435750,999.0,fresh,2024-01-01T00:00:00
8892107f-058b-b8de-c9f1-73ca024b48ef,ws-00586,windows_workstation,Windows 11 22H2,workstation,6c464006-d385-1b21-43b0-2b8e3ec74442,high,True,2023-12-31T10:43:14.885124,0.6,fresh,2024-01-01T00:00:00
35a2cb3a-9dc3-1d78-a068-2c2a70c9bd01,ws-00587,windows_workstation,Windows 11 22H2,workstation,5a1a2474-2e3e-b38d-69de-fa210261999f,high,False,2023-12-30T22:31:36.616774,999.0,fresh,2024-01-01T00:00:00
1566b2bf-eca9-7788-5598-4516f57aeb16,ws-00588,windows_workstation,Windows 11 22H2,workstation,6459eebb-f5e2-b0bb-57fe-dc0af0b29777,medium,True,2023-12-29T19:44:52.842537,2.2,fresh,2024-01-01T00:00:00
d5495b69-a955-eca6-02f4-cf758648491d,ws-00589,windows_workstation,Windows 11 22H2,workstation,8597be69-0967-4fff-a58a-7bdbc17dffd9,medium,True,2023-12-24T09:33:26.947839,7.6,fresh,2024-01-01T00:00:00
077125ad-9f42-67e9-b2d4-4c85d8849f24,ws-00590,windows_workstation,Windows 11 22H2,workstation,4f66bbb4-d803-06e5-812e-c32935448dd9,medium,True,2023-12-31T14:25:29.256047,0.4,fresh,2024-01-01T00:00:00
a23d4039-2241-4fce-f759-076db9d3a432,ws-00591,windows_workstation,Windows 11 22H2,workstation,33d738e6-9aa5-9109-0245-9fc9776551c2,medium,True,2023-12-31T07:49:24.306672,0.7,fresh,2024-01-01T00:00:00
05159c13-25b1-6094-5f07-f2bfc78052f2,ws-00592,windows_workstation,Windows 11 22H2,workstation,8b6bc5f9-d6b4-1e35-7a15-be24f6ebb634,medium,True,2023-12-31T09:03:07.777296,0.6,fresh,2024-01-01T00:00:00
2afb253b-47c6-5668-9fee-83c2aab6532d,ws-00593,windows_workstation,Windows 11 22H2,workstation,f053afcd-020d-13ba-7090-a281b273558f,medium,True,2023-12-30T22:21:22.603374,1.1,fresh,2024-01-01T00:00:00
9dff4f4b-51bc-1eab-ba31-c35238c378cc,ws-00594,windows_workstation,Windows 11 22H2,workstation,75dd485c-5bc8-9ea4-2ea5-5d365b7c0112,high,True,2023-12-31T04:45:56.028079,0.8,fresh,2024-01-01T00:00:00
a8e37f5f-129a-b4ec-1292-71de4dbccb87,ws-00595,windows_workstation,Windows 11 22H2,workstation,0922e384-c45e-52e0-ef96-e497b8ea1f97,high,True,2023-12-28T19:21:31.392325,3.2,fresh,2024-01-01T00:00:00
c74cf3bf-8284-76ab-3094-04f007d077b7,ws-00596,windows_workstation,Windows 11 22H2,workstation,8116f218-56ba-0c41-aa0e-5da22adf063d,high,True,2023-12-30T14:26:11.843781,1.4,fresh,2024-01-01T00:00:00
2e90c1d3-9632-d43f-328b-65a615550e41,ws-00597,windows_workstation,Windows 11 22H2,workstation,ac73be2c-dff5-578b-0d27-7517e7237f59,low,True,2023-12-27T11:16:23.959407,4.5,fresh,2024-01-01T00:00:00
ff814dcb-8a5c-cd07-3287-592e1b175508,ws-00598,windows_workstation,Windows 11 22H2,workstation,ae960db2-fad1-fda1-deba-209a1f63f673,medium,True,2023-12-30T21:38:21.607945,1.1,fresh,2024-01-01T00:00:00
e5a3adff-5d14-abd2-9a06-f8168fc96ef5,ws-00599,windows_workstation,Windows 11 22H2,workstation,48deb1d8-3b2f-6d76-2a48-f64ede623ba3,medium,True,2023-12-30T14:23:39.467327,1.4,fresh,2024-01-01T00:00:00
0b044990-bb2e-a6e2-5649-dc4d186d2370,ws-00600,windows_workstation,Windows 11 22H2,workstation,66bbb17f-515e-c4b9-d58e-049b0d9acba2,medium,True,2023-12-31T11:28:58.367730,0.5,fresh,2024-01-01T00:00:00
cf2c07f1-f3db-e0fc-c3a0-800dbc5b95c9,ws-00601,windows_workstation,Windows 11 22H2,workstation,5c5e2d14-72e6-b4c3-0c0b-f7032bb0907f,medium,True,2023-12-25T19:50:06.333504,6.2,fresh,2024-01-01T00:00:00
a3b013a4-e8cc-36ac-0f02-d925bdc7ba2f,ws-00602,windows_workstation,Windows 11 22H2,workstation,6cae8a67-e69b-a970-9f64-d1bcadb137c4,low,False,2023-12-29T16:53:27.796356,999.0,fresh,2024-01-01T00:00:00
061d745d-fa92-f4f3-2245-58d237d4667a,ws-00603,windows_workstation,Windows 11 22H2,workstation,b5844464-2a45-3a46-1daf-fbed741a6ffc,low,True,2023-12-29T08:11:52.575355,2.7,fresh,2024-01-01T00:00:00
e5449acc-eb30-5964-669e-5a1cf388570f,ws-00604,windows_workstation,Windows 11 22H2,workstation,88c1a447-5746-df88-9e26-2db03d783763,medium,True,2023-12-31T12:49:11.199128,0.5,fresh,2024-01-01T00:00:00
e077a23e-0a26-0dfe-a8de-c6594c7d7fac,ws-00605,windows_workstation,Windows 11 22H2,workstation,8feed168-720b-e092-ae72-977c4b288133,critical,True,2023-12-31T17:19:45.712171,0.3,fresh,2024-01-01T00:00:00
752a8a8a-ab64-2802-6f65-8dec5020a7f9,ws-00606,windows_workstation,Windows 11 22H2,workstation,db022cdf-2a03-9e3a-e503-5379605483cc,low,True,2023-12-31T18:17:48.978487,0.2,fresh,2024-01-01T00:00:00
6507c01c-8888-70f9-05e8-6409f782be8b,ws-00607,windows_workstation,Windows 11 22H2,workstation,0e4bb8fa-e985-bd55-e933-c7cd9302a236,medium,True,2023-12-30T03:31:12.568275,1.9,fresh,2024-01-01T00:00:00
67f77dc9-5af9-6fe9-4f84-0dc5961a2e8b,ws-00608,windows_workstation,Windows 11 22H2,workstation,343223ce-d2c3-0dbd-5b83-97a482467684,low,True,2023-12-30T07:11:47.331622,1.7,fresh,2024-01-01T00:00:00
d58ab980-383d-a980-b5dd-93c374c5fffd,ws-00609,windows_workstation,Windows 11 22H2,workstation,27538a02-d768-daec-8696-195951280be1,medium,True,2023-12-31T01:28:40.146333,0.9,fresh,2024-01-01T00:00:00
073dbfa5-20fb-e440-80b9-e533bebecb3f,ws-00610,windows_workstation,Windows 11 22H2,workstation,3a17b647-eeb1-ac4b-30db-a21e8f42679c,critical,True,2023-12-31T10:22:23.139783,0.6,fresh,2024-01-01T00:00:00
d1c5c8af-2362-4792-d711-a53186f777ed,ws-00611,windows_workstation,Windows 11 22H2,workstation,ed14a69d-ed7b-c32e-cb21-53f3a4338c99,critical,True,2023-12-30T11:46:57.348046,1.5,fresh,2024-01-01T00:00:00
16205159-af1e-87d5-9b0f-3a0a3c516070,ws-00612,windows_workstation,Windows 11 22H2,workstation,8c3857fe-449c-6cc6-8c96-9388e1f6758c,low,True,2023-12-31T04:04:11.436736,0.8,fresh,2024-01-01T00:00:00
3041cf3c-fca2-bc91-7285-61b8b32c05cd,ws-00613,windows_workstation,Windows 11 22H2,workstation,dab532b6-c643-2fac-b074-7266b7c020b6,medium,True,2023-12-31T10:05:15.513639,0.6,fresh,2024-01-01T00:00:00
3a9e6e11-8205-1cf2-badc-af8525e242b7,ws-00614,windows_workstation,Windows 11 22H2,workstation,bafae148-3ef0-7ade-1536-3d8ed56a4bf0,critical,True,2023-12-29T16:03:28.244709,2.3,fresh,2024-01-01T00:00:00
8fa75c84-a456-8550-c363-305abeb8b485,ws-00615,windows_workstation,Windows 11 22H2,workstation,cec18fb9-c5da-bfd3-f7a2-551afcc0b4cd,low,True,2023-12-31T21:36:00,0.1,fresh,2024-01-01T00:00:00
5e0242de-c246-a520-a51b-0aa5d85da56d,ws-00616,windows_workstation,Windows 11 22H2,workstation,7445e468-cfab-b90e-0d73-bcdd9a6f77f6,low,True,2023-12-30T02:01:23.089257,1.9,fresh,2024-01-01T00:00:00
33f3f1ca-afe2-04f4-f94c-b3d996b53b66,ws-00617,windows_workstation,Windows 11 22H2,workstation,65bcbea6-c8b2-aab6-2d4d-62ce24095867,medium,True,2023-12-31T17:49:13.137660,0.3,fresh,2024-01-01T00:00:00
e3334c72-14ba-42cb-2ed2-ab2f57274109,ws-00618,windows_workstation,Windows 11 22H2,workstation,d4d74364-2160-bdd3-861f-0186cf962ec7,low,True,2023-12-30T22:49:57.683175,1.0,fresh,2024-01-01T00:00:00
024a696d-e6bc-11cd-b1b8-521749a392b1,ws-00619,windows_workstation,Windows 11 22H2,workstation,25f80a86-18ee-a88a-c52f-c25ecaf376a5,low,True,2023-12-19T03:00:13.369261,12.9,fresh,2024-01-01T00:00:00
f9f2bfe0-7373-016d-2222-2037e841975c,ws-00620,windows_workstation,Windows 11 22H2,workstation,190dc8be-ec5f-6a92-5fe1-0444ba5d579c,medium,True,2023-12-29T21:57:30.546499,2.1,fresh,2024-01-01T00:00:00
61002182-1b1b-7255-4c42-b0d8e3c15219,ws-00621,windows_workstation,Windows 11 22H2,workstation,4967ac22-f7ff-e8d5-8348-c60dd42f5f2d,medium,True,2023-12-29T19:33:24.681274,2.2,fresh,2024-01-01T00:00:00
53ca022a-4993-9b54-b6ec-d1b9fb6b6126,ws-00622,windows_workstation,Windows 11 22H2,workstation,345b00d1-90e3-11aa-f9db-0c9c28d2e272,high,True,2023-12-30T12:10:12.287403,1.5,fresh,2024-01-01T00:00:00
e6de2228-c2a3-c8a3-84a6-628cf18ad6cc,ws-00623,windows_workstation,Windows 11 22H2,workstation,1f6758f5-ffff-fb6f-75c3-be0bc61ae46a,medium,True,2023-12-31T21:36:00,0.1,fresh,2024-01-01T00:00:00
1479008c-736e-8656-d9c9-2effa9b81766,ws-00624,windows_workstation,Windows 11 22H2,workstation,6387402c-d2ac-3f7b-4fd8-866f8f077fa5,medium,True,2023-12-29T07:01:39.815900,2.7,fresh,2024-01-01T00:00:00
22966f6d-687c-c861-596f-6557b737816f,ws-00625,windows_workstation,Windows 11 22H2,workstation,f532325e-d4f8-8597-ce1e-9ecb0b770126,low,True,2023-12-27T05:17:06.058159,4.8,fresh,2024-01-01T00:00:00
b7c9834f-84d4-4793-c999-a6c67e2e84b4,ws-00626,windows_workstation,Windows 11 22H2,workstation,94af9d58-1fc3-d37d-0a87-b6603744c5d0,low,True,2023-12-29T02:44:20.114182,2.9,fresh,2024-01-01T00:00:00
5fd3a726-4392-69b4-7ef9-b9295700d516,ws-00627,windows_workstation,Windows 11 22H2,workstation,45a415d2-5324-7695-c2e1-4054a03e5f0f,medium,True,2023-12-31T14:47:44.313942,0.4,fresh,2024-01-01T00:00:00
52281741-49ec-b39e-06be-f3c27b58df6c,ws-00628,windows_workstation,Windows 11 22H2,workstation,b7d7d4e0-435d-f695-1ba7-fe6eaeea7d79,medium,True,2023-12-31T02:17:48.154855,0.9,fresh,2024-01-01T00:00:00
db2f1934-685e-0020-9fac-21dd02ab4d55,ws-00629,windows_workstation,Windows 11 22H2,workstation,5a6fecfe-c289-4fa5-0dc0-736d4d68a471,medium,True,2023-12-28T19:53:35.068324,3.2,fresh,2024-01-01T00:00:00
49b26864-adc8-b28e-cb9e-2fc3fabfcc99,ws-00630,windows_workstation,Windows 11 22H2,workstation,1e19b915-be2c-f272-3d9d-7834e7adb471,medium,True,2023-12-31T15:36:48.412382,0.3,fresh,2024-01-01T00:00:00
ecac5f5d-b248-dacc-8e2e-80bcdc5c1398,ws-00631,windows_workstation,Windows 11 22H2,workstation,89428df7-0e52-c4ff-545d-76b22670790a,low,True,2023-12-31T08:15:09.096232,0.7,fresh,2024-01-01T00:00:00
22bdb3a2-9df9-1de5-d89b-58c687da28a9,ws-00632,windows_workstation,Windows 11 22H2,workstation,b2727b6b-9332-1707-7921-aceb48b52c3d,high,True,2023-12-30T22:45:02.416101,1.1,fresh,2024-01-01T00:00:00
b2b8a819-7a96-e77f-a53f-fd12ed4608f5,ws-00633,windows_workstation,Windows 11 22H2,workstation,e4ae26ae-3cf8-a543-e265-9f009c64aff3,high,True,2023-12-29T01:54:09.364045,2.9,fresh,2024-01-01T00:00:00
e1aa7d19-9c57-685c-fd64-f4c01a873342,ws-00634,windows_workstation,Windows 11 22H2,workstation,581d44cb-673b-d5af-f496-0e66f8ed9d66,medium,True,2023-12-30T03:00:37.810112,1.9,fresh,2024-01-01T00:00:00
0a7faa44-9e1c-2434-538e-5aee6621f442,ws-00635,windows_workstation,Windows 11 22H2,workstation,77828931-60d1-49f1-93ea-ef1464bb72c3,medium,True,2023-12-24T17:54:54.271350,7.3,fresh,2024-01-01T00:00:00
df88ac0f-765b-7ffb-5b1e-75f7c5c72589,ws-00636,windows_workstation,Windows 11 22H2,workstation,53fa56c5-f626-1335-8402-58e46a5030f3,low,True,2023-12-30T16:31:47.868051,1.3,fresh,2024-01-01T00:00:00
055030e8-0fb1-9a5c-0dd0-2c8457745747,ws-00637,windows_workstation,Windows 11 22H2,workstation,23cf89af-e1a8-2374-6964-293b7a8a95f7,low,True,2023-12-29T06:56:04.888099,2.7,fresh,2024-01-01T00:00:00
fd0b0f96-5dcf-f273-04c5-a352c26d16c4,ws-00638,windows_workstation,Windows 11 22H2,workstation,731e5774-928b-eeed-99b1-c8810633640c,medium,True,2023-12-31T13:20:18.383066,0.4,fresh,2024-01-01T00:00:00
e889e0c8-2fd2-adae-a3f9-a752047a96a5,ws-00639,windows_workstation,Windows 11 22H2,workstation,98221969-eec8-c52e-b3b4-7d828cefd4e0,low,True,2023-12-31T21:06:10.631481,0.1,fresh,2024-01-01T00:00:00
03096552-3456-4165-50f1-a72a329b0794,ws-00640,windows_workstation,Windows 11 22H2,workstation,fee84dbf-c427-5d90-353b-7913393c049f,medium,False,2023-12-29T01:11:39.224372,999.0,fresh,2024-01-01T00:00:00
23dd5a86-d3e8-8afe-fe20-556def6cf268,ws-00641,windows_workstation,Windows 11 22H2,workstation,6d0baabd-1edb-a80a-657e-cc601b1c214a,medium,True,2023-12-19T22:52:48.485922,12.0,fresh,2024-01-01T00:00:00
2dcae1d0-60e1-ca2b-7586-8f2c3579e2fb,ws-00642,windows_workstation,Windows 11 22H2,workstation,05624034-bd17-2ec8-00df-8487749f4a2f,critical,True,2023-12-31T18:50:59.026528,0.2,fresh,2024-01-01T00:00:00
c980d21a-6edd-0bca-97fc-42a70a13797d,ws-00643,windows_workstation,Windows 11 22H2,workstation,43e37938-8718-108c-0cca-b0d9d4e539ba,low,True,2023-12-31T21:25:18.835449,0.1,fresh,2024-01-01T00:00:00
3cedf014-d052-4469-a886-e9601296c709,ws-00644,windows_workstation,Windows 11 22H2,workstation,b1fee33a-19e2-34d4-6e45-ebad966e8931,low,True,2023-12-31T09:16:31.428513,0.6,fresh,2024-01-01T00:00:00
3d4e0d9c-ac64-bb4e-e55f-40e86483e2ec,ws-00645,windows_workstation,Windows 11 22H2,workstation,9d4a8418-fecb-856b-a558-b75d0f795020,low,True,2023-12-30T11:23:00.978181,1.5,fresh,2024-01-01T00:00:00
21f9b4d4-6582-a395-e819-d2ef4ba0d98b,ws-00646,windows_workstation,Windows 11 22H2,workstation,c198b157-2a78-82c6-68d0-cdf335fba9b6,low,True,2023-12-30T03:39:27.635043,1.8,fresh,2024-01-01T00:00:00
a0c61113-2ca0-0eca-39fa-605cf1d76aa3,ws-00647,windows_workstation,Windows 11 22H2,workstation,4e4c97c5-0e1a-3611-2667-683757246fcb,critical,True,2023-12-30T08:08:40.611376,1.7,fresh,2024-01-01T00:00:00
85cbfbf8-83c9-f859-3328-8b4bcf748b77,ws-00648,windows_workstation,Windows 11 22H2,workstation,2b2169be-0917-a1ba-a9d4-777573a88b50,low,True,2023-12-29T02:51:10.265072,2.9,fresh,2024-01-01T00:00:00
685d1409-5f6f-1620-ec83-29a5d36d988f,ws-00649,windows_workstation,Windows 11 22H2,workstation,4979c11b-c312-01e3-9af5-fab7375c7149,critical,True,2023-12-10T15:49:38.950620,21.34052140485858,fresh,2024-01-01T00:00:00
496a7262-b6ec-4f7c-929e-4eb5a64b7881,ws-00650,windows_workstation,Windows 11 22H2,workstation,13804cbc-6c0d-8f9f-7e80-c4aa8367e4ce,critical,True,2023-12-23T13:25:43.198263,8.4,fresh,2024-01-01T00:00:00
18bf1c99-a3f8-b613-5cf7-76c7dc6d2506,ws-00651,windows_workstation,Windows 11 22H2,workstation,61a44fe2-96bf-34a8-9761-089e96f9b03a,low,True,2023-12-27T20:40:12.365404,4.1,fresh,2024-01-01T00:00:00
58188bd7-193b-a6ca-b0d3-22b5424fda7d,ws-00652,windows_workstation,Windows 11 22H2,workstation,2d4ecea8-1ce6-bbe9-f4ec-ba12470caba6,medium,True,2023-12-30T06:25:23.659680,1.7,fresh,2024-01-01T00:00:00
ee41be9a-1795-f696-4d85-23655dc9c031,ws-00653,windows_workstation,Windows 11 22H2,workstation,20382009-d738-a9c4-81e4-d30522dccb55,high,False,2023-12-30T18:56:00.030901,999.0,fresh,2024-01-01T00:00:00
8ca02e31-bde2-e038-de3a-645aa6a9e008,ws-00654,windows_workstation,Windows 11 22H2,workstation,bc0331ae-8880-3153-84e3-1be7f83db0f9,medium,True,2023-12-31T07:01:16.658156,0.7,fresh,2024-01-01T00:00:00
97c5e1b1-83b7-85b6-d794-30bb7a49012b,ws-00655,windows_workstation,Windows 11 22H2,workstation,789ebc60-d58d-8187-1869-269a9d75a5f2,low,True,2023-12-25T06:18:50.968622,6.7,fresh,2024-01-01T00:00:00
1779a598-bb28-230f-2eba-7ccd4eb1d98f,ws-00656,windows_workstation,Windows 11 22H2,workstation,167dc6af-22bd-0d37-5555-97511d1dbc1f,medium,True,2023-12-28T21:40:29.854684,3.1,fresh,2024-01-01T00:00:00
0b49e9e8-5d13-4448-0167-7d317f1bb59b,ws-00657,windows_workstation,Windows 11 22H2,workstation,8ad1a73d-2952-d83a-0914-bedd4f8e4e6f,high,True,2023-12-31T14:56:22.040572,0.4,fresh,2024-01-01T00:00:00
71bd6719-cfb3-d180-9ae2-f74880858d6e,ws-00658,windows_workstation,Windows 11 22H2,workstation,d0bcc519-fe86-af9c-6b20-875de5c1a719,medium,True,2023-12-29T17:11:16.764362,2.3,fresh,2024-01-01T00:00:00
6cadf07a-13c2-edb9-6787-e10dd28c2cbf,ws-00659,windows_workstation,Windows 11 22H2,workstation,5726ebaa-ca95-154c-e7eb-08ea94dff25f,low,True,2023-12-27T00:21:10.795299,5.0,fresh,2024-01-01T00:00:00
21ef162c-11aa-ac06-80e0-d881efd0c855,ws-00660,windows_workstation,Windows 11 22H2,workstation,0f24de58-5ff0-535d-1303-ae9b162b7a0b,medium,True,2023-12-31T20:57:45.328756,0.1,fresh,2024-01-01T00:00:00
ca8ea82d-f87f-784e-1adb-5821fe1fbc09,ws-00661,windows_workstation,Windows 11 22H2,workstation,9767298f-23ca-1980-8023-6410435e672d,medium,True,2023-12-30T09:43:58.407720,1.6,fresh,2024-01-01T00:00:00
967752b4-0181-3435-c40f-6f8253b21256,ws-00662,windows_workstation,Windows 11 22H2,workstation,80bc4355-3d7e-265e-db0d-5e4fa85002ed,high,True,2023-12-29T02:44:21.787304,2.9,fresh,2024-01-01T00:00:00
faa3ba67-e3b9-2e7d-1cfe-ab39722acfb9,ws-00663,windows_workstation,Windows 11 22H2,workstation,35e5bfa3-cec8-ebd2-3980-df2b7cc54959,medium,True,2023-12-27T18:33:56.775630,4.2,fresh,2024-01-01T00:00:00
b1dccd3c-b5de-9a17-ea8d-3b4fa1411098,ws-00664,windows_workstation,Windows 11 22H2,workstation,f2524f0a-15d2-c16e-05e8-170808701547,low,True,2023-12-29T11:29:49.509185,2.5,fresh,2024-01-01T00:00:00
2332c9f2-50e9-e605-3d2c-2b9776fe59bc,ws-00665,windows_workstation,Windows 11 22H2,workstation,5cd70539-cf34-1d19-86d0-40537f9684e5,critical,True,2023-12-31T04:05:51.557464,0.8,fresh,2024-01-01T00:00:00
1436b96b-d98f-643b-d824-92c6f577d164,ws-00666,windows_workstation,Windows 11 22H2,workstation,5add83cf-7de9-de32-d199-bca962024656,low,True,2023-12-29T19:09:36.115474,2.2,fresh,2024-01-01T00:00:00
e4b4186b-c326-d427-5979-0498b859e945,ws-00667,windows_workstation,Windows 11 22H2,workstation,9c6d20a4-0b49-e5ce-c7e0-68c0e43465b8,medium,True,2023-12-26T07:19:32.702282,5.7,fresh,2024-01-01T00:00:00
53749ce2-ef5d-56c0-e3d8-08e64928aa2c,ws-00668,windows_workstation,Windows 11 22H2,workstation,366a288c-1da3-00d3-ada7-85503d7bc181,low,True,2023-12-25T06:58:31.935299,6.7,fresh,2024-01-01T00:00:00
8cd3a798-5424-20be-0326-6b0f7600f99f,ws-00669,windows_workstation,Windows 11 22H2,workstation,037393ee-5ddc-8631-7a47-252d0c9cf05a,low,True,2023-12-31T00:14:23.575203,1.0,fresh,2024-01-01T00:00:00
4f639f72-db3c-cd28-e4a4-b7f760724d60,ws-00670,windows_workstation,Windows 11 22H2,workstation,16dd9a5f-7bd1-1d71-46e4-e2fafd3dd1a4,medium,True,2023-12-30T23:41:51.500852,1.0,fresh,2024-01-01T00:00:00
4143a1bf-3b96-05a5-8a20-147a24c86851,ws-00671,windows_workstation,Windows 11 22H2,workstation,d44c6bf6-0492-111f-14b3-1eac664df1e9,high,True,2023-12-30T06:11:07.627981,1.7,fresh,2024-01-01T00:00:00
f3fd10a1-ecda-e021-5370-8007527279d8,ws-00672,windows_workstation,Windows 11 22H2,workstation,8c7c20a0-38fb-8431-251d-e3f7bbcebb74,low,True,2023-12-31T12:08:52.137879,0.5,fresh,2024-01-01T00:00:00
12345543-f52d-33f0-d53e-47fa36ee71a5,ws-00673,windows_workstation,Windows 11 22H2,workstation,cfd12691-320e-6697-041a-6425510f55da,medium,True,2023-12-30T10:10:43.828021,1.6,fresh,2024-01-01T00:00:00
f5c328d7-3f3d-926a-4858-1d911779e32c,ws-00674,windows_workstation,Windows 11 22H2,workstation,caf920c1-d37d-17b7-8539-d378b1981c32,medium,True,2023-12-31T07:18:25.306946,0.7,fresh,2024-01-01T00:00:00
46974673-b840-ed97-fc59-0f2930c91b46,ws-00675,windows_workstation,Windows 11 22H2,workstation,0e5eca21-71b5-4914-3160-2b2c984c331b,medium,True,2023-12-24T09:48:37.697690,7.6,fresh,2024-01-01T00:00:00
55035141-7480-1fa9-af7f-a49d430c5fd6,ws-00676,windows_workstation,Windows 11 22H2,workstation,fa0324af-3440-fb19-9024-c67e0b9caee6,medium,True,2023-12-30T07:09:42.043363,1.7,fresh,2024-01-01T00:00:00
3fc8a6a1-d348-3df1-96d4-6eb291288162,ws-00677,windows_workstation,Windows 11 22H2,workstation,c61b2f1c-a1e2-1605-7d75-19c00487cdd4,medium,True,2023-12-30T05:48:56.132186,1.8,fresh,2024-01-01T00:00:00
302433d1-6e98-443c-3069-d950ac574040,ws-00678,windows_workstation,Windows 11 22H2,workstation,a89534e7-0d4e-eb66-9efe-8f2b6bee8936,low,True,2023-12-31T11:31:10.821406,0.5,fresh,2024-01-01T00:00:00
43ee2b5a-34d6-4b47-2c94-22b522239888,ws-00679,windows_workstation,Windows 11 22H2,workstation,0ab6dd28-8f47-fca3-a42f-bd1a7b136227,low,True,2023-12-30T00:55:29.736985,2.0,fresh,2024-01-01T00:00:00
60f75d65-9ed9-7a12-c55c-c060394930af,ws-00680,windows_workstation,Windows 11 22H2,workstation,54b751a0-7264-da1d-876b-b5ac895535e6,high,True,2023-12-30T16:55:19.168980,1.3,fresh,2024-01-01T00:00:00
14212660-1a11-0ebd-4f15-e29e0aec4fca,ws-00681,windows_workstation,Windows 11 22H2,workstation,57ca3472-3a9f-45a7-6017-dd9d658ac9e1,low,True,2023-12-31T02:43:39.813330,0.9,fresh,2024-01-01T00:00:00
423f4149-5eee-67ea-966c-22242f8fbade,ws-00682,windows_workstation,Windows 11 22H2,workstation,993ad0db-95f0-d518-303d-090503e0f60e,low,True,2023-12-30T18:03:13.849546,1.2,fresh,2024-01-01T00:00:00
9472f44b-4561-237e-8cbb-d9e00c87a19f,ws-00683,windows_workstation,Windows 11 22H2,workstation,144fcf9b-30f9-c0ae-466d-5dc2d7147949,medium,True,2023-12-29T15:45:57.787685,2.3,fresh,2024-01-01T00:00:00
3c0fa0e5-7da4-1e22-846c-99c622b0c964,ws-00684,windows_workstation,Windows 11 22H2,workstation,4ab8c39f-9ada-3bf2-c262-b64b3fc2afcb,medium,True,2023-12-31T09:37:44.162991,0.6,fresh,2024-01-01T00:00:00
8044b6f3-6ec1-3cbf-f8a0-410f2af30af7,ws-00685,windows_workstation,Windows 11 22H2,workstation,10669593-399d-d80c-7a01-28c5a1134627,critical,True,2023-12-31T01:31:27.001221,0.9,fresh,2024-01-01T00:00:00
47e359a8-9554-dfc8-1f4a-b55bfce31c76,ws-00686,windows_workstation,Windows 11 22H2,workstation,d75896f8-a89e-1a03-a076-719970419f5a,medium,True,2023-12-29T19:12:50.699849,2.2,fresh,2024-01-01T00:00:00
8d6dc1ba-6165-7537-0b0a-1ad62f7f483e,ws-00687,windows_workstation,Windows 11 22H2,workstation,72cbd943-a1ec-e183-26ad-63dc567c2615,medium,True,2023-12-27T12:50:24.075141,4.5,fresh,2024-01-01T00:00:00
316c6b3a-81e9-0d6e-1555-b2624d40f21d,ws-00688,windows_workstation,Windows 11 22H2,workstation,a323bba8-e54a-c10d-face-772edb9f94ae,medium,True,2023-12-31T14:16:18.054734,0.4,fresh,2024-01-01T00:00:00
c86ca820-20b5-8add-7bed-0c0c0a4c7302,ws-00689,windows_workstation,Windows 11 22H2,workstation,3cabbf47-beda-32ab-f6b4-b568158db43f,medium,True,2023-12-31T18:14:18.752019,0.2,fresh,2024-01-01T00:00:00
b10270f6-a306-b0cc-8a1a-c59cbf2724c1,ws-00690,windows_workstation,Windows 11 22H2,workstation,3a0244c1-f650-4a42-2b4a-c6ffea20e430,low,True,2023-12-29T08:47:37.395753,2.6,fresh,2024-01-01T00:00:00
be42776f-fe3a-a856-b973-a0fc989939ed,ws-00691,windows_workstation,Windows 11 22H2,workstation,9a51e447-88c4-c851-bd46-3879dc81dead,medium,True,2023-12-31T21:36:00,0.1,fresh,2024-01-01T00:00:00
4d0de95b-a75b-25b1-64ef-034ca0ac2f43,ws-00692,windows_workstation,Windows 11 22H2,workstation,2e3d8fc3-5da2-6e20-8a9c-9ba320821412,low,True,2023-12-28T15:36:39.656796,3.3,fresh,2024-01-01T00:00:00
d5d977cf-2324-afed-8474-284606ab6a5d,ws-00693,windows_workstation,Windows 11 22H2,workstation,1fdc39f7-dfd9-d8a4-3078-363ae03eb159,high,True,2023-12-31T11:45:03.705805,0.5,fresh,2024-01-01T00:00:00
b3e74ed5-838d-12d4-7f6e-be245e2a57f5,ws-00694,windows_workstation,Windows 11 22H2,workstation,f8f1212b-a5d2-ab90-8f66-cbdb057a7f3b,medium,True,2023-12-31T16:56:41.217281,0.3,fresh,2024-01-01T00:00:00
f14cacea-df61-d990-67c1-5c49330c693f,ws-00695,windows_workstation,Windows 11 22H2,workstation,d64962e2-7a0a-a415-59ff-81c437006274,medium,True,2023-12-29T07:03:09.003458,2.7,fresh,2024-01-01T00:00:00
e6197176-c454-abfc-c696-bdb7511be6aa,ws-00696,windows_workstation,Windows 11 22H2,workstation,53c82876-b1dd-b586-8215-44869c514923,low,True,2023-12-28T19:02:42.382704,3.2,fresh,2024-01-01T00:00:00
040b9a7a-b828-8081-21f4-1ff318764b71,ws-00697,windows_workstation,Windows 11 22H2,workstation,de5cf9dc-ba9c-6680-afa5-c2c1a48f2ae7,high,True,2023-12-31T13:10:35.294953,0.5,fresh,2024-01-01T00:00:00
fcdb4eea-53fa-886b-278f-1f01ed6909c9,ws-00698,windows_workstation,Windows 11 22H2,workstation,81035a91-8597-1dd1-ffff-46fb7deefa13,medium,True,2023-12-30T04:15:37.755923,1.8,fresh,2024-01-01T00:00:00
58a1f9b1-b0c8-2bf1-cce9-2de899b9860a,ws-00699,windows_workstation,Windows 11 22H2,workstation,a6440e96-e911-ce0b-6669-5baac1de4094,medium,True,2023-12-31T09:30:41.485792,0.6,fresh,2024-01-01T00:00:00
c6469838-aca8-24b3-23ad-a9a9537bedc1,ws-00700,windows_workstation,Windows 11 22H2,workstation,15ecee5d-9f64-3802-6bdf-17088e0ba77f,low,True,2023-12-31T19:38:30.636516,0.2,fresh,2024-01-01T00:00:00
505a3ce4-a73e-4cd4-8a23-41817d70e096,ws-00701,windows_workstation,Windows 11 22H2,workstation,8d1514e4-f9ac-8ac1-7c4e-a7a712233fb1,medium,True,2023-12-30T11:03:31.368553,1.5,fresh,2024-01-01T00:00:00
ffa15487-da9b-4481-93ff-c156d02ef4f2,ws-00702,windows_workstation,Windows 11 22H2,workstation,1d3e4f3a-0dcd-270f-982f-b8f4b0d6b400,medium,True,2023-12-31T03:05:56.990840,0.9,fresh,2024-01-01T00:00:00
d5c7f8cb-0aa6-75e8-e2d9-e75ae9a950d9,ws-00703,windows_workstation,Windows 11 22H2,workstation,c8079fde-5009-6eaf-5c51-a60274d9ef85,medium,True,2023-12-28T09:44:03.232809,3.6,fresh,2024-01-01T00:00:00
1ff9fc35-640c-bb46-ceb7-41a43c85fda6,ws-00704,windows_workstation,Windows 11 22H2,workstation,f400039b-ff84-6929-a91b-ca047d2657de,medium,True,2023-12-29T13:08:17.892755,2.5,fresh,2024-01-01T00:00:00
fe4c246d-8492-b176-3d14-c3f6ff0325f9,ws-00705,windows_workstation,Windows 11 22H2,workstation,0125222c-8592-a160-f679-5298d80db428,low,True,2023-12-31T17:21:02.800838,0.3,fresh,2024-01-01T00:00:00
a729b5a1-f03e-a06a-13c0-9ad167c9e9f8,ws-00706,windows_workstation,Windows 11 22H2,workstation,5f3ae4cd-ce8f-35e8-006d-e92af6ded6ac,critical,True,2023-12-31T19:31:09.311076,0.2,fresh,2024-01-01T00:00:00
a8a4f457-b657-ef44-bcb2-81767d2d8fe4,ws-00707,windows_workstation,Windows 11 22H2,workstation,14b480ed-418f-668e-5cb2-a0d6b943e1c1,medium,True,2023-12-31T17:07:58.571609,0.3,fresh,2024-01-01T00:00:00
5998134a-695c-ea44-b771-a56f72d70598,ws-00708,windows_workstation,Windows 11 22H2,workstation,eda33d40-c43e-23f8-af95-0eac1b4303d0,medium,True,2023-12-31T08:53:32.416275,0.6,fresh,2024-01-01T00:00:00
2697dbf6-887f-2e17-d942-5c7035f6f2df,ws-00709,windows_workstation,Windows 11 22H2,workstation,a342ec38-86e2-cccd-d951-d5545b2bc345,medium,True,2023-12-30T10:32:31.630303,1.6,fresh,2024-01-01T00:00:00
77a51c6a-86d8-f677-f233-fc285c711bce,ws-00710,windows_workstation,Windows 11 22H2,workstation,a406e786-b02e-0528-90c1-b262bf941d59,low,True,2023-12-29T13:34:57.258780,2.4,fresh,2024-01-01T00:00:00
aa315dd1-5e79-a3a0-71a7-5349946cd872,ws-00711,windows_workstation,Windows 11 22H2,workstation,4158f876-d2e3-487e-6be0-c9104b1e10b6,medium,True,2023-12-30T19:53:55.511827,1.2,fresh,2024-01-01T00:00:00
d0bcdcb5-ddaf-e5fe-b2f8-7f319f1a0390,ws-00712,windows_workstation,Windows 11 22H2,workstation,a5330094-96bf-3119-c954-03fd0172551a,medium,True,2023-12-30T19:57:37.590717,1.2,fresh,2024-01-01T00:00:00
9330acc9-8738-1cd5-3e51-1af30239b8ef,ws-00713,windows_workstation,Windows 11 22H2,workstation,365797a4-ed12-7957-3f2f-f497842c0a31,high,True,2023-12-31T10:38:15.463784,0.6,fresh,2024-01-01T00:00:00
513307d2-ee4f-bcd4-eae6-3f620d31459f,ws-00714,windows_workstation,Windows 11 22H2,workstation,baa5812b-7d67-c698-c521-90018adf19d6,critical,True,2023-12-31T09:19:22.825446,0.6,fresh,2024-01-01T00:00:00
7dea3b1b-ebe1-ffd4-82c1-cee1fe806dce,ws-00715,windows_workstation,Windows 11 22H2,workstation,f6808698-2c6a-5815-f278-c560dce3c152,low,True,2023-12-28T10:09:54.574166,3.6,fresh,2024-01-01T00:00:00
56dbdf30-0db9-f83d-af5c-211d26719c9a,ws-00716,windows_workstation,Windows 11 22H2,workstation,c0af220d-ea8c-b9ec-3849-6f71610f0890,medium,True,2023-12-25T13:52:01.066820,6.4,fresh,2024-01-01T00:00:00
4f88f112-cb24-d371-d982-04bb16750fdf,ws-00717,windows_workstation,Windows 11 22H2,workstation,13f6d28f-dbf0-ebe3-d3ec-24afceda3ba0,high,True,2023-12-26T09:04:49.856539,5.6,fresh,2024-01-01T00:00:00
239258b1-b58e-eb58-03c9-fb1a2a874a2f,ws-00718,windows_workstation,Windows 11 22H2,workstation,2e342904-f5d0-ae2b-c55e-8b5e0a2fb76b,medium,False,2023-12-31T14:51:51.989469,999.0,fresh,2024-01-01T00:00:00
8a6a31d7-9c73-473e-ce6a-ec10e4e6500e,ws-00719,windows_workstation,Windows 11 22H2,workstation,c687ca2c-9bab-7593-6507-26b54f1ff8de,high,True,2023-12-30T20:15:20.178296,1.2,fresh,2024-01-01T00:00:00
704aa4e8-4b43-b9d4-0436-8a53fd9ad438,ws-00720,windows_workstation,Windows 11 22H2,workstation,5c9b7911-f793-84e2-722d-8c3f0a0c6f72,medium,True,2023-12-30T01:27:57.252071,1.9,fresh,2024-01-01T00:00:00
5fa5cc4b-e645-0b3a-066e-1ad54cf89139,ws-00721,windows_workstation,Windows 11 22H2,workstation,dd9d283b-ce14-1d21-3fe7-5ffcb2adb117,low,True,2023-12-31T18:12:37.168286,0.2,fresh,2024-01-01T00:00:00
c6f09430-4e11-2789-9768-3281347e48ea,ws-00722,windows_workstation,Windows 11 22H2,workstation,c170dbe0-987c-7484-0584-569b1a6e5887,high,True,2023-12-31T08:00:41.859961,0.7,fresh,2024-01-01T00:00:00
2a0ada9d-21ad-b746-e61d-5baaabd6bbcb,ws-00723,windows_workstation,Windows 11 22H2,workstation,d3622da4-d97c-f826-fa65-f110f1bfc0ef,medium,True,2023-12-28T20:26:19.441496,3.1,fresh,2024-01-01T00:00:00
0de27b6a-083a-0155-cbd1-6c5037891db7,ws-00724,windows_workstation,Windows 11 22H2,workstation,f32bd6f4-468b-3d42-83dc-d1619e28f2dd,medium,True,2023-12-31T00:40:09.853805,1.0,fresh,2024-01-01T00:00:00
c342168e-c072-ab00-473c-faa528431b70,ws-00725,windows_workstation,Windows 11 22H2,workstation,b61196de-4908-6666-570d-e44d8cefbfd6,medium,True,2023-12-31T02:21:59.194096,0.9,fresh,2024-01-01T00:00:00
9f314c7b-15c3-d54f-94fa-47e0066a4199,ws-00726,windows_workstation,Windows 11 22H2,workstation,32bc63ee-7a66-df14-7923-08b9caf1a990,low,True,2023-12-29T23:06:45.595121,2.0,fresh,2024-01-01T00:00:00
8a3cf086-f3c7-7a2b-a955-bda58e4b06b0,ws-00727,windows_workstation,Windows 11 22H2,workstation,61b63a3d-8b0a-e18b-f20c-44c12e10690f,low,True,2023-12-30T06:41:35.906581,1.7,fresh,2024-01-01T00:00:00
9bd9edb5-db89-308a-0209-cebd1ed63fb0,ws-00728,windows_workstation,Windows 11 22H2,workstation,17f0f18f-be42-ba53-dc67-96a9869ca1e8,medium,True,2023-12-30T09:10:50.645879,1.6,fresh,2024-01-01T00:00:00
eca70022-ca93-0d55-8383-128217141b77,ws-00729,windows_workstation,Windows 11 22H2,workstation,55629c9d-8de1-28a3-ec0e-f20f4e3428d1,low,True,2023-12-28T18:52:14.020234,3.2,fresh,2024-01-01T00:00:00
bbcd6c90-56a8-5a3d-4b2a-c1332e14a50b,ws-00730,windows_workstation,Windows 11 22H2,workstation,923fbfb9-b93f-b45b-1998-d5d0d26037c7,medium,True,2023-12-28T21:12:24.084946,3.1,fresh,2024-01-01T00:00:00
8cd31202-f993-885e-eb5b-09f1ff986198,ws-00731,windows_workstation,Windows 11 22H2,workstation,25021b4d-3e0b-22cc-75a7-f40f4e5b4d67,medium,True,2023-12-30T12:34:32.084140,1.5,fresh,2024-01-01T00:00:00
4d935f4d-e41d-2d3c-5680-87d504a5fa3b,ws-00732,windows_workstation,Windows 11 22H2,workstation,3350f891-c92c-4f5d-7411-c3ccc49cc044,high,True,2023-12-30T02:50:48.740467,1.9,fresh,2024-01-01T00:00:00
c8b6d027-5ec5-c66c-c6fe-e87f3d6f56c5,ws-00733,windows_workstation,Windows 11 22H2,workstation,87d4952f-2736-0556-e3c0-cc1988353db9,medium,True,2023-12-28T16:55:55.051031,3.3,fresh,2024-01-01T00:00:00
a4f617f8-dcd9-614b-f896-e9374e3ad2fe,ws-00734,windows_workstation,Windows 11 22H2,workstation,471ba7c9-2674-4854-b998-14b84c6f7971,low,True,2023-12-29T09:53:19.163941,2.6,fresh,2024-01-01T00:00:00
43de7113-a62b-0967-e66a-872b9ba905b7,ws-00735,windows_workstation,Windows 11 22H2,workstation,0c1e88de-a055-f8e0-4f8c-088705f9a7c9,medium,False,2023-12-30T09:14:13.363659,999.0,fresh,2024-01-01T00:00:00
86478d40-ccb9-b877-1c4d-e57bdf5d799f,ws-00736,windows_workstation,Windows 11 22H2,workstation,ff8fdc37-0bd0-e05e-e820-43c8184fe3b9,high,True,2023-12-31T13:09:21.766595,0.5,fresh,2024-01-01T00:00:00
c38f9837-a479-ea70-930e-ee0beef6804b,ws-00737,windows_workstation,Windows 11 22H2,workstation,7aedac58-4276-855a-8e0c-a82788acf2c1,medium,True,2023-12-31T01:20:49.823869,0.9,fresh,2024-01-01T00:00:00
3aeb3952-23e4-87c6-99ba-0c1788316e36,ws-00738,windows_workstation,Windows 11 22H2,workstation,52ff009d-705e-d7ea-5ced-92fa349c8996,medium,True,2023-12-27T12:10:02.024894,4.5,fresh,2024-01-01T00:00:00
06ef277a-5a0e-1a14-83f9-434dbb6367f3,ws-00739,windows_workstation,Windows 11 22H2,workstation,c6320b29-958a-d16d-2734-754d0c7bcec8,low,True,2023-12-30T21:21:15.385868,1.1,fresh,2024-01-01T00:00:00
a922e3ab-132a-d4d0-9163-a1250de500d8,ws-00740,windows_workstation,Windows 11 22H2,workstation,cc895752-1982-22d4-141c-d5ba87ce681d,high,True,2023-12-30T22:23:58.608006,1.1,fresh,2024-01-01T00:00:00
ded21001-c820-a5db-d004-17bb84d4b5ec,ws-00741,windows_workstation,Windows 11 22H2,workstation,97abd84a-7adf-2c77-3ac1-23879d2b8da4,high,True,2023-12-30T18:18:46.635549,1.2,fresh,2024-01-01T00:00:00
c4c23fc7-3114-f066-43da-dcad8cf6c085,ws-00742,windows_workstation,Windows 11 22H2,workstation,786e99bf-3342-c91e-a1c3-a28cc3ab5e51,medium,True,2023-12-29T11:12:36.906485,2.5,fresh,2024-01-01T00:00:00
618acfd3-627c-657e-0d09-44a009f3f25e,ws-00743,windows_workstation,Windows 11 22H2,workstation,f0cad3d7-b9ac-63e9-1e31-42e4593fed0d,low,True,2023-12-26T06:54:14.679803,5.7,fresh,2024-01-01T00:00:00
037debbd-a90d-364b-57a3-96d3ea352be7,ws-00744,windows_workstation,Windows 11 22H2,workstation,c48182dc-3050-c268-ac44-62988c58c429,low,True,2023-12-31T21:36:00,0.1,fresh,2024-01-01T00:00:00
1637d359-8bb0-42d6-2ecf-9944469f5d5c,ws-00745,windows_workstation,Windows 11 22H2,workstation,310204da-b1e7-8db8-8f5e-c7020a5cc4e3,medium,True,2023-12-29T23:38:06.237131,2.0,fresh,2024-01-01T00:00:00
135bc3f9-6d4c-732c-d6a7-f1a1aa6fe102,ws-00746,windows_workstation,Windows 11 22H2,workstation,016b6f06-e964-ef8e-c06c-69a6170084f1,high,True,2023-12-30T00:04:30.030518,2.0,fresh,2024-01-01T00:00:00
bd9ce26b-3931-6767-088f-4fc6cf0c559a,ws-00747,windows_workstation,Windows 11 22H2,workstation,94ace9ed-b13e-766c-4531-f74d269b7fc5,high,True,2023-12-28T14:11:11.550603,3.4,fresh,2024-01-01T00:00:00
cbd4416a-6473-98be-e52e-3d2e17820464,ws-00748,windows_workstation,Windows 11 22H2,workstation,794964cf-e07d-bc8d-7020-d9f7a2c57085,low,True,2023-12-31T15:17:17.081572,0.4,fresh,2024-01-01T00:00:00
1d2fb816-ebf7-13c6-bdde-403a6544ff79,ws-00749,windows_workstation,Windows 11 22H2,workstation,a9fdc06f-7850-f0a7-946b-0df21c5cda42,medium,True,2023-12-31T03:21:19.564272,0.9,fresh,2024-01-01T00:00:00
3893459f-9e35-a347-3c4a-9200f21ef1fd,ws-00750,windows_workstation,Windows 11 22H2,workstation,9333ad39-cad1-574c-a4d8-0f0ab54b1230,low,True,2023-12-29T06:46:12.842658,2.7,fresh,2024-01-01T00:00:00
74be1a50-a0e5-374a-ad24-cbee95b1d06c,ws-00751,windows_workstation,Windows 11 22H2,workstation,43176612-5d1b-4fb4-3030-e9e21ba9cbe9,low,True,2023-12-30T12:44:31.988828,1.5,fresh,2024-01-01T00:00:00
3cef50e2-ed93-4c06-d2c2-7bf2e3929354,ws-00752,windows_workstation,Windows 11 22H2,workstation,c9fd5e95-59a4-71b7-ab26-18ebfcd32aad,medium,True,2023-12-27T15:39:48.382465,4.3,fresh,2024-01-01T00:00:00
0a9f9000-e5e3-e990-6304-ae24574a7ae5,ws-00753,windows_workstation,Windows 11 22H2,workstation,ae5a2e70-11cd-e196-2b1e-6d2bf071fbd4,high,True,2023-12-28T19:57:14.044033,3.2,fresh,2024-01-01T00:00:00
9dcdfa67-5986-b0bd-c3db-4ee3c60d9167,ws-00754,windows_workstation,Windows 11 22H2,workstation,ad3bc92e-b1e6-e287-0973-a705c8a9fe48,critical,True,2023-12-30T07:09:09.979802,1.7,fresh,2024-01-01T00:00:00
320e56d8-cdf7-c4a3-9c93-3af716731f06,ws-00755,windows_workstation,Windows 11 22H2,workstation,961a6b9e-fd0a-b564-8993-9a757e617f35,high,True,2023-12-23T09:23:08.143821,8.6,fresh,2024-01-01T00:00:00
e451a2c6-08f2-401a-0500-bc312c36e40e,ws-00756,windows_workstation,Windows 11 22H2,workstation,e2bfa870-cfaa-58aa-1c73-a2ae91754957,medium,True,2023-12-30T13:37:40.330793,1.4,fresh,2024-01-01T00:00:00
b9e2559f-7f61-e6d7-b586-1811f3513a9f,ws-00757,windows_workstation,Windows 11 22H2,workstation,f71c5f95-1f31-32f6-1a2b-04930febaf66,low,True,2023-12-29T08:39:34.673922,2.6,fresh,2024-01-01T00:00:00
a8066078-6ee1-20c1-4bb9-14a7aa1da495,ws-00758,windows_workstation,Windows 11 22H2,workstation,61de83de-b29e-dd7b-7c98-eec5fa308c64,critical,True,2023-12-28T04:25:40.990848,3.8,fresh,2024-01-01T00:00:00
aa4cc506-a828-2870-9c5a-429fcca17232,ws-00759,windows_workstation,Windows 11 22H2,workstation,d434835b-ce79-042e-2d0c-7cfd110e05e4,high,True,2023-12-31T21:32:23.815374,0.1,fresh,2024-01-01T00:00:00
3904b3e6-ad62-917c-25d3-0a73c042d2bf,ws-00760,windows_workstation,Windows 11 22H2,workstation,6fdd3c58-6e6f-f7f3-a846-45d1583aad71,medium,True,2023-12-31T19:16:45.489660,0.2,fresh,2024-01-01T00:00:00
c3e9ee4e-9e71-ff86-d7ed-0c781f88f2d6,ws-00761,windows_workstation,Windows 11 22H2,workstation,0e8ef127-a900-6325-1a17-d189ec7e080b,medium,True,2023-12-31T18:01:23.031731,0.2,fresh,2024-01-01T00:00:00
9d4140b3-6e35-3fa5-3038-11b0e7895272,ws-00762,windows_workstation,Windows 11 22H2,workstation,f1496554-3fa0-3da6-8cf5-de554f0347a5,medium,True,2023-12-31T11:22:18.292365,0.5,fresh,2024-01-01T00:00:00
21c07b51-26d2-c6ff-ed7b-c806aecaf5ac,ws-00763,windows_workstation,Windows 11 22H2,workstation,73f872e5-d175-aa97-f91a-7454b8183502,critical,True,2023-12-31T15:14:46.745785,0.4,fresh,2024-01-01T00:00:00
cde046af-d6e3-5562-7ee4-33feca78bcc2,ws-00764,windows_workstation,Windows 11 22H2,workstation,487f7d2e-b12d-f2dc-b4b5-38ccfc54f10c,medium,True,2023-12-30T14:24:30.065972,1.4,fresh,2024-01-01T00:00:00
e179c8cd-6a8c-71b8-6640-71d01b3aeccf,ws-00765,windows_workstation,Windows 11 22H2,workstation,214dd5c9-c894-67ab-93a2-181f1fc1a633,low,True,2023-12-23T15:51:00.984055,8.3,fresh,2024-01-01T00:00:00
04d5de3b-6351-6fe2-dcc3-efce74efa0b8,ws-00766,windows_workstation,Windows 11 22H2,workstation,db9db89f-419e-d27e-671e-8ed72fb15c5d,medium,True,2023-12-30T23:56:00.958269,1.0,fresh,2024-01-01T00:00:00
3277b676-0a87-1500-2dcc-78136b0b28af,ws-00767,windows_workstation,Windows 11 22H2,workstation,c4b2b142-e491-cc55-f985-82fa588ed129,low,True,2023-12-30T02:20:14.900767,1.9,fresh,2024-01-01T00:00:00
2109da5a-44dd-b9d2-da16-3fb50b224f8f,ws-00768,windows_workstation,Windows 11 22H2,workstation,3cc6155d-a1ae-42ea-1f89-ae9c70ba052a,medium,True,2023-12-31T18:25:59.800971,0.2,fresh,2024-01-01T00:00:00
8adc07bb-6632-2d71-d108-503b843100ac,ws-00769,windows_workstation,Windows 11 22H2,workstation,d1739965-0f88-414c-3244-2b65803cae21,medium,True,2023-12-31T16:53:49.650340,0.3,fresh,2024-01-01T00:00:00
1ca6d455-8fb5-96c2-9c6f-749c3e94b30e,ws-00770,windows_workstation,Windows 11 22H2,workstation,4a76d6f8-35de-53af-784f-a58544947cb7,low,True,2023-12-31T17:58:36.739384,0.3,fresh,2024-01-01T00:00:00
c051659a-158c-430c-b9a8-29a8bdd284a9,ws-00771,windows_workstation,Windows 11 22H2,workstation,90ef1719-b0ba-6f29-259a-40b4ce66e07e,high,True,2023-12-31T21:36:00,0.1,fresh,2024-01-01T00:00:00
9cf05d86-d01c-57e3-f0bd-d3d45a141a08,ws-00772,windows_workstation,Windows 11 22H2,workstation,ba7cacfd-1cdf-8c83-9f78-c560befcf263,low,True,2023-12-29T18:29:53.014408,2.2,fresh,2024-01-01T00:00:00
a764409d-9a2b-8446-6e26-f58bf82ff384,ws-00773,windows_workstation,Windows 11 22H2,workstation,c1d20187-d5ec-c3c4-856b-d894f703bd0a,medium,True,2023-12-31T17:13:38.875470,0.3,fresh,2024-01-01T00:00:00
b4ae9402-18c0-5d11-22f0-c0ef7cf5fe9a,ws-00774,windows_workstation,Windows 11 22H2,workstation,378a7f42-7532-3731-b65c-b1eb9f1c32bb,medium,True,2023-12-23T16:55:09.415284,8.3,fresh,2024-01-01T00:00:00
2296c07e-fd88-5f93-667e-94cedad4ee62,ws-00775,windows_workstation,Windows 11 22H2,workstation,5cc8efc4-b667-7eea-3762-6e33339ca2a8,low,True,2023-12-27T16:42:55.357223,4.3,fresh,2024-01-01T00:00:00
95f6b6aa-4eb7-1531-dd74-05e51d0baa8d,ws-00776,windows_workstation,Windows 11 22H2,workstation,4fa2fc77-9ab8-4b12-92ae-3f38c7822f94,high,True,2023-12-31T11:35:10.670353,0.5,fresh,2024-01-01T00:00:00
5ed2d7fc-3ebb-a9c6-be93-b519044a4a2e,ws-00777,windows_workstation,Windows 11 22H2,workstation,7689740b-9849-fc32-d678-3a82735cdfde,medium,True,2023-12-30T12:36:34.610416,1.5,fresh,2024-01-01T00:00:00
73a4ce3e-a59d-a1bc-2bd2-44b5fbfeb116,ws-00778,windows_workstation,Windows 11 22H2,workstation,8ad52785-ada0-3f3f-657e-993bfb0cb7c0,medium,True,2023-12-31T13:34:35.001626,0.4,fresh,2024-01-01T00:00:00
93edac22-a77e-53ed-d59b-7e7214a06120,ws-00779,windows_workstation,Windows 11 22H2,workstation,a435528f-1e1b-bd98-dcf8-b41bf33a885f,medium,True,2023-12-31T04:26:12.466518,0.8,fresh,2024-01-01T00:00:00
c6b7047e-e716-77e5-c59e-b8eddc79b57c,ws-00780,windows_workstation,Windows 11 22H2,workstation,0d00e25a-91bd-3b8f-486d-dc377255f536,critical,True,2023-12-31T17:28:15.966353,0.3,fresh,2024-01-01T00:00:00
92c7b074-a79a-95d4-54da-8b2e43398a6a,ws-00781,windows_workstation,Windows 11 22H2,workstation,af48522f-5167-3b70-bfb1-d78a8e5d0653,low,True,2023-12-27T14:17:49.011152,4.4,fresh,2024-01-01T00:00:00
af155c21-b593-1330-fcaf-f31dab74bdac,ws-00782,windows_workstation,Windows 11 22H2,workstation,da1a4bf8-c26e-57d2-78d0-c279433e42bb,low,True,2023-12-31T18:35:56.833315,0.2,fresh,2024-01-01T00:00:00
07102650-4ae3-9c14-eb99-72380a2f8193,ws-00783,windows_workstation,Windows 11 22H2,workstation,360cc2af-5f41-63cd-9063-4a4fd52afee7,medium,True,2023-12-30T15:21:02.230845,1.4,fresh,2024-01-01T00:00:00
30c981a0-3cad-9ddf-83d8-26a66b0f99d0,ws-00784,windows_workstation,Windows 11 22H2,workstation,3590e142-b89a-4c11-5255-580db7adeb32,low,True,2023-12-31T03:14:28.074099,0.9,fresh,2024-01-01T00:00:00
bb63bd2a-e744-d968-a34d-3a5697ce08aa,ws-00785,windows_workstation,Windows 11 22H2,workstation,9f5f7eb6-b3f6-3047-b1eb-7eb21065c5cf,high,True,2023-12-27T03:11:06.784588,4.9,fresh,2024-01-01T00:00:00
527bb3d2-7d62-06b8-8f38-927cbd3be55e,ws-00786,windows_workstation,Windows 11 22H2,workstation,84b4161b-d1d7-5277-34d5-94501e440cbb,high,True,2023-12-28T21:52:03.371175,3.1,fresh,2024-01-01T00:00:00
cc4d81be-1687-1ee6-0522-f0b1396c5eb4,ws-00787,windows_workstation,Windows 11 22H2,workstation,8a511311-3675-7eef-39c8-b5cfb0e9648c,medium,True,2023-12-31T07:52:32.809575,0.7,fresh,2024-01-01T00:00:00
dc7a9299-9998-ffd4-d1bf-8ddf7e1bfb65,ws-00788,windows_workstation,Windows 11 22H2,workstation,b87202d5-4d02-e59b-770a-e368966de0ce,low,True,2023-12-29T14:53:28.024638,2.4,fresh,2024-01-01T00:00:00
5ab9ae89-5e70-b4f1-d467-a0aa05a608fc,ws-00789,windows_workstation,Windows 11 22H2,workstation,8f95a9ca-e7f7-ad8f-8107-0f6b06c8fd45,medium,True,2023-12-29T20:41:13.475523,2.1,fresh,2024-01-01T00:00:00
9b63e04b-771b-1b1b-9f5b-56ed61107be8,ws-00790,windows_workstation,Windows 11 22H2,workstation,6516f843-ab66-2b52-3e72-073c8e0243db,high,True,2023-12-30T13:07:56.222643,1.5,fresh,2024-01-01T00:00:00
a8c4508a-8984-fbef-979d-0e2fe134218d,ws-00791,windows_workstation,Windows 11 22H2,workstation,3f233c6b-09fd-341a-6bc4-40fbb3e2f347,low,True,2023-12-30T19:45:20.330401,1.2,fresh,2024-01-01T00:00:00
cbd377c2-3a79-9044-5e40-2be3f6c28416,ws-00792,windows_workstation,Windows 11 22H2,workstation,a38c0d5d-9672-cdbb-2a92-624b3f7dc4b7,medium,True,2023-12-29T12:35:26.808870,2.5,fresh,2024-01-01T00:00:00
79929781-f62c-cd79-ab15-aee677f259f8,ws-00793,windows_workstation,Windows 11 22H2,workstation,4553dc55-82b5-4f2c-34b4-9b4ac46e6ce7,medium,True,2023-12-31T20:01:13.066888,0.2,fresh,2024-01-01T00:00:00
24033a4a-30c1-8141-d6ac-2e9c3fbeaae1,ws-00794,windows_workstation,Windows 11 22H2,workstation,e1cb49d2-6c6a-1bd5-bff0-9b651eff353c,low,True,2023-12-30T11:18:06.735128,1.5,fresh,2024-01-01T00:00:00
36246766-7171-35d7-c12d-a45840198414,ws-00795,windows_workstation,Windows 11 22H2,workstation,601485c8-21e9-e452-42e0-7c9fa2260880,medium,True,2023-12-28T15:55:58.312943,3.3,fresh,2024-01-01T00:00:00
12573ac0-b694-9d2b-2bce-35d3a85a5c56,ws-00796,windows_workstation,Windows 11 22H2,workstation,814754d3-ba04-0ad4-9033-66ce13bf472b,medium,True,2023-12-29T04:49:40.493904,2.8,fresh,2024-01-01T00:00:00
be7b6cee-4562-a70f-193f-b926327f0a08,ws-00797,windows_workstation,Windows 11 22H2,workstation,02794041-b922-0de0-7fb9-1399a4cb895e,low,True,2023-12-30T16:41:51.760303,1.3,fresh,2024-01-01T00:00:00
132960bf-ad60-b043-23b8-11b37cfab2ed,ws-00798,windows_workstation,Windows 11 22H2,workstation,ed3c55e4-5f6d-e0bd-fe04-d6e214bd6cf5,medium,True,2023-12-30T21:59:03.032675,1.1,fresh,2024-01-01T00:00:00
12471828-f094-ef69-21f8-746ce042af33,ws-00799,windows_workstation,Windows 11 22H2,workstation,c14b6fe4-b964-81c3-b726-15ff917d260b,high,True,2023-12-30T14:36:03.706235,1.4,fresh,2024-01-01T00:00:00
58096b75-cd54-911a-7e62-5c6e08b3e2e1,ws-00800,windows_workstation,Windows 11 22H2,workstation,a96ef0a5-1485-5293-4a74-ab64a44fcc45,critical,True,2023-12-31T11:59:19.193026,0.5,fresh,2024-01-01T00:00:00
7869e8e7-869c-7462-3784-ab2ce93d8719,ws-00801,windows_workstation,Windows 11 22H2,workstation,aff65b28-00be-1c32-45fd-abb5711ec094,low,True,2023-12-30T02:08:53.639520,1.9,fresh,2024-01-01T00:00:00
f5c6aa63-2adc-e231-fa88-799dc93b65a3,ws-00802,windows_workstation,Windows 11 22H2,workstation,64029cf8-501c-8046-2e94-7a95379a82c6,high,True,2023-12-25T10:26:13.805776,6.6,fresh,2024-01-01T00:00:00
718c016c-afb4-0f6c-036f-e1bc99693df0,ws-00803,windows_workstation,Windows 11 22H2,workstation,79ab12dc-69f6-d6cd-b7bf-f0d62a836673,medium,True,2023-12-28T07:29:43.203421,3.7,fresh,2024-01-01T00:00:00
626b2b70-0c25-563d-5cb9-bc3cd43d4d19,ws-00804,windows_workstation,Windows 11 22H2,workstation,8e39e53e-b31b-f1e5-4a0c-3f4720284bfb,medium,True,2023-12-31T00:44:31.058367,1.0,fresh,2024-01-01T00:00:00
391a577d-a9df-9ffb-ce61-8d05b50894c2,ws-00805,windows_workstation,Windows 11 22H2,workstation,e792290e-4711-770e-bc97-d219c6a6f9f8,low,True,2023-12-30T10:48:32.236256,1.5,fresh,2024-01-01T00:00:00
c378702a-a88b-3a99-595a-18c20bf699b8,ws-00806,windows_workstation,Windows 11 22H2,workstation,780ca050-d20e-bf5a-dd4c-afe4a3fafcc6,high,True,2023-12-30T23:20:21.002287,1.0,fresh,2024-01-01T00:00:00
d5e322b3-0946-1e77-64f8-afce272faf0f,ws-00807,windows_workstation,Windows 11 22H2,workstation,f70d8ab1-e7d8-5c7f-d1c7-6735ee914839,medium,True,2023-12-31T16:41:25.307257,0.3,fresh,2024-01-01T00:00:00
0d99f786-982f-e9ad-22a2-132fe6b71f12,ws-00808,windows_workstation,Windows 11 22H2,workstation,4b3a0a67-7e69-c816-fcc9-26097d9bd479,low,True,2023-12-29T18:26:47.772771,2.2,fresh,2024-01-01T00:00:00
9a3112d6-d389-c411-b1c2-01b304ed494e,ws-00809,windows_workstation,Windows 11 22H2,workstation,d25aa0e7-a99e-8f33-8e6a-ee7590d98174,medium,True,2023-12-31T09:05:58.779438,0.6,fresh,2024-01-01T00:00:00
52e33229-d202-a83d-44b7-6f0ba000e134,srv-00000,windows_server,Windows Server 2022,server,,critical,True,2023-12-30T13:43:18.511564,1.4,fresh,2024-01-01T00:00:00
bb796155-1b96-40e0-8606-cbcf67ae6201,srv-00001,linux_server,RHEL 9,server,,critical,True,2023-12-30T12:47:50.360166,1.5,fresh,2024-01-01T00:00:00
db5890aa-b792-ef05-b877-32fbf0695f13,srv-00002,windows_server,Windows Server 2022,dmz,,medium,True,2023-12-31T06:57:48.732834,0.7,fresh,2024-01-01T00:00:00
95c7cf07-97f1-5700-4abc-b274f3b20a6d,srv-00003,linux_server,RHEL 9,server,,medium,False,2023-12-30T16:04:27.053417,999.0,fresh,2024-01-01T00:00:00
99eaf7a8-1c89-fa57-14ca-69e44bbf9059,srv-00004,linux_server,RHEL 9,dmz,,critical,True,2023-12-31T00:39:52.370404,1.0,fresh,2024-01-01T00:00:00
45334dc3-97d1-6d95-b053-e4f266c431ae,srv-00005,windows_server,Windows Server 2022,server,,high,False,2023-12-31T10:13:09.688594,999.0,fresh,2024-01-01T00:00:00
ca12403f-8e76-ea99-2d5e-9be9194c7356,srv-00006,windows_server,Windows Server 2022,server,,high,True,2023-12-29T12:18:45.818036,2.5,fresh,2024-01-01T00:00:00
4b704736-8786-fcb8-3e42-d83d53409f56,srv-00007,windows_server,Windows Server 2022,server,,critical,True,2023-12-31T21:36:00,0.1,fresh,2024-01-01T00:00:00
8a256585-fe63-eba9-79bb-05b5762f5cba,srv-00008,windows_server,Windows Server 2022,server,,medium,True,2023-12-28T20:13:08.503053,3.2,fresh,2024-01-01T00:00:00
9d0ff237-e382-d6b3-db75-62e0ebe19408,srv-00009,windows_server,Windows Server 2022,server,,medium,True,2023-12-30T16:07:34.504065,1.3,fresh,2024-01-01T00:00:00
8af3e67f-da47-0f65-2879-f36f72cf83a2,srv-00010,windows_server,Windows Server 2022,dmz,,high,True,2023-12-30T17:23:19.921347,1.3,fresh,2024-01-01T00:00:00
02afc6da-cdd2-bff8-eb46-1fd4d971e5d9,srv-00011,linux_server,RHEL 9,dmz,,medium,True,2023-12-29T20:41:42.414164,2.1,fresh,2024-01-01T00:00:00
d9d87b84-0fe0-b84a-c579-9a0851860a04,srv-00012,linux_server,RHEL 9,server,,high,True,2023-12-31T16:00:21.607793,0.3,fresh,2024-01-01T00:00:00
0b37150c-a7ad-3ff4-7325-f7c70aaa3db0,srv-00013,linux_server,RHEL 9,server,,high,True,2023-12-31T19:40:18.007756,0.2,fresh,2024-01-01T00:00:00
22fb233d-d29c-c91b-5f56-6864f53003c8,srv-00014,windows_server,Windows Server 2022,server,,high,True,2023-12-29T20:22:59.074606,2.2,fresh,2024-01-01T00:00:00
7ab03313-9c06-f925-53d8-4aab44af4371,srv-00015,windows_server,Windows Server 2022,server,,medium,True,2023-12-30T09:22:22.093269,1.6,fresh,2024-01-01T00:00:00
56ced3ee-6e21-b03b-a7df-78a520807e03,srv-00016,windows_server,Windows Server 2022,server,,critical,True,2023-12-31T11:51:19.547730,0.5,fresh,2024-01-01T00:00:00
2889e096-56bc-a7a3-7c5a-114622ad82a0,srv-00017,windows_server,Windows Server 2022,server,,critical,True,2023-12-30T06:15:40.277624,1.7,fresh,2024-01-01T00:00:00
fc412086-97d5-0688-9512-7b77072d6f42,srv-00018,windows_server,Windows Server 2022,server,,medium,True,2023-12-23T10:56:26.772724,8.5,fresh,2024-01-01T00:00:00
cf283118-dbe1-b110-1e6c-b1d993fe90e9,srv-00019,windows_server,Windows Server 2022,server,,high,True,2023-12-26T17:45:37.920301,5.3,fresh,2024-01-01T00:00:00
